"Series Data"
"C:\Users\MarcosP\Desktop\DPL1_000.000"
"Broadband 614.4 kHz"
"Pings/Ens ="	50
"Time/Ping = 00:24.00"
"First Ensemble Date = 25/04/02"
"First Ensemble Time = 14:58:02.53"
"Ensemble Interval (s) = "	1200.00
"1st Bin Range (m) = "	3.07
"Bin Size (m) ="	2.00


Ens	YR	MO	DA	HH	MM	SS	HH		"Eas"	"Eas"	"Eas"	"Eas"	"Eas"	"Eas"	"Eas"	"Eas"	"Eas"	"Eas"	"Eas"	"Eas"	"Eas"	"Eas"	"Eas"	"Eas"	"Eas"	"Eas"	"Eas"	"Eas"	"Eas"	"Eas"	"Eas"	"Eas"	"Eas"	"Nor"	"Nor"	"Nor"	"Nor"	"Nor"	"Nor"	"Nor"	"Nor"	"Nor"	"Nor"	"Nor"	"Nor"	"Nor"	"Nor"	"Nor"	"Nor"	"Nor"	"Nor"	"Nor"	"Nor"	"Nor"	"Nor"	"Nor"	"Nor"	"Nor"	"Ver"	"Ver"	"Ver"	"Ver"	"Ver"	"Ver"	"Ver"	"Ver"	"Ver"	"Ver"	"Ver"	"Ver"	"Ver"	"Ver"	"Ver"	"Ver"	"Ver"	"Ver"	"Ver"	"Ver"	"Ver"	"Ver"	"Ver"	"Ver"	"Ver"	"Err"	"Err"	"Err"	"Err"	"Err"	"Err"	"Err"	"Err"	"Err"	"Err"	"Err"	"Err"	"Err"	"Err"	"Err"	"Err"	"Err"	"Err"	"Err"	"Err"	"Err"	"Err"	"Err"	"Err"	"Err"	"Mag"	"Mag"	"Mag"	"Mag"	"Mag"	"Mag"	"Mag"	"Mag"	"Mag"	"Mag"	"Mag"	"Mag"	"Mag"	"Mag"	"Mag"	"Mag"	"Mag"	"Mag"	"Mag"	"Mag"	"Mag"	"Mag"	"Mag"	"Mag"	"Mag"	"Dir"	"Dir"	"Dir"	"Dir"	"Dir"	"Dir"	"Dir"	"Dir"	"Dir"	"Dir"	"Dir"	"Dir"	"Dir"	"Dir"	"Dir"	"Dir"	"Dir"	"Dir"	"Dir"	"Dir"	"Dir"	"Dir"	"Dir"	"Dir"	"Dir"
									"mm/s"	"mm/s"	"mm/s"	"mm/s"	"mm/s"	"mm/s"	"mm/s"	"mm/s"	"mm/s"	"mm/s"	"mm/s"	"mm/s"	"mm/s"	"mm/s"	"mm/s"	"mm/s"	"mm/s"	"mm/s"	"mm/s"	"mm/s"	"mm/s"	"mm/s"	"mm/s"	"mm/s"	"mm/s"	"mm/s"	"mm/s"	"mm/s"	"mm/s"	"mm/s"	"mm/s"	"mm/s"	"mm/s"	"mm/s"	"mm/s"	"mm/s"	"mm/s"	"mm/s"	"mm/s"	"mm/s"	"mm/s"	"mm/s"	"mm/s"	"mm/s"	"mm/s"	"mm/s"	"mm/s"	"mm/s"	"mm/s"	"mm/s"	"mm/s"	"mm/s"	"mm/s"	"mm/s"	"mm/s"	"mm/s"	"mm/s"	"mm/s"	"mm/s"	"mm/s"	"mm/s"	"mm/s"	"mm/s"	"mm/s"	"mm/s"	"mm/s"	"mm/s"	"mm/s"	"mm/s"	"mm/s"	"mm/s"	"mm/s"	"mm/s"	"mm/s"	"mm/s"	"mm/s"	"mm/s"	"mm/s"	"mm/s"	"mm/s"	"mm/s"	"mm/s"	"mm/s"	"mm/s"	"mm/s"	"mm/s"	"mm/s"	"mm/s"	"mm/s"	"mm/s"	"mm/s"	"mm/s"	"mm/s"	"mm/s"	"mm/s"	"mm/s"	"mm/s"	"mm/s"	"mm/s"	"mm/s"	"mm/s"	"mm/s"	"mm/s"	"mm/s"	"mm/s"	"mm/s"	"mm/s"	"mm/s"	"mm/s"	"mm/s"	"mm/s"	"mm/s"	"mm/s"	"mm/s"	"mm/s"	"mm/s"	"mm/s"	"mm/s"	"mm/s"	"mm/s"	"mm/s"	"mm/s"	"mm/s"	"mm/s"	"mm/s"	"deg"	"deg"	"deg"	"deg"	"deg"	"deg"	"deg"	"deg"	"deg"	"deg"	"deg"	"deg"	"deg"	"deg"	"deg"	"deg"	"deg"	"deg"	"deg"	"deg"	"deg"	"deg"	"deg"	"deg"	"deg"
									1	2	3	4	5	6	7	8	9	10	11	12	13	14	15	16	17	18	19	20	21	22	23	24	25	1	2	3	4	5	6	7	8	9	10	11	12	13	14	15	16	17	18	19	20	21	22	23	24	25	1	2	3	4	5	6	7	8	9	10	11	12	13	14	15	16	17	18	19	20	21	22	23	24	25	1	2	3	4	5	6	7	8	9	10	11	12	13	14	15	16	17	18	19	20	21	22	23	24	25	1	2	3	4	5	6	7	8	9	10	11	12	13	14	15	16	17	18	19	20	21	22	23	24	25	1	2	3	4	5	6	7	8	9	10	11	12	13	14	15	16	17	18	19	20	21	22	23	24	25

1	25	04	02	14	58	02	53																																																																																																																																																							
2	25	04	02	15	18	02	53		-15	-7	6	3	-7	6	3	-6	0	-13	7	-3	-49	62										55	28	-58	-54	-57	-56	-56	-66	-65	-53	-67	-66	-60	-83	-56	-129										76	-6	0	4	4	4	3	5	2	4	4	5	2	4	6	3										-22	-5	6	-8	-2	0	9	-1	1	10	-3	-3	1	7	-39											23		60	54	57	56	56	66	65	53	67	67	60	83	74	143										94	29	194.50	187.40	174.00	176.90	187.10	174.80	177.40	186.50	180.00	191.10	173.30	182.10	221.20	154.30										35.90	102.10
3	25	04	02	15	38	02	53		-4	3	-1	-3	6	-8	3	1	10	-2	-33	0	13											-22		-65	-68	-78	-87	-93	-92	-84	-98	-97	-94	-103	-81	-152											18		0	-1	1	0	0	0	4	2	1	3	9	5	-3											2		3	-3	-4	-3	-7	4	-3	6	5	13	23	17	-8													65	68	78	87	93	92	84	98	98	94	108	81	153											28		183.50	177.50	180.70	182.00	176.30	185.00	178.00	179.40	174.10	181.20	197.80	180.00	175.10											309.30	
4	25	04	02	15	58	02	53		-11	-11	-5	-9	-9	-3	-11	-15	5	-22	-20	-9												-32	30	-65	-61	-80	-74	-76	-85	-84	-95	-88	-107	-86	-71												43	-5	1	1	-1	2	1	2	1	1	2	1	6	5												6	18	0	-8	-5	-1	9	9	6	3	3	-1	26	-5														66	62	80	75	77	85	85	96	88	109	88	72												54	30	189.60	190.20	183.60	186.90	186.80	182.00	187.50	189.00	176.70	191.60	193.10	187.20												323.30	99.50
5	25	04	02	16	18	02	53		-13	-24	-10	-21	-9	-13	-14	-9	-24	-23	-11	-42	-77										-49	-6	-40	-71	-75	-81	-75	-76	-88	-103	-89	-100	-96	-80	-110	-105										6	72	66	1	1	1	2	1	3	1	4	3	2	1	-3	16										-8	15	27	1	7	3	2	7	-5	-5	4	-1	-4	-3	34														72	79	82	78	77	89	104	89	103	99	81	118	130										49	72	77	190.40	197.70	187.00	195.60	186.80	188.40	187.70	185.80	193.50	193.50	187.80	200.90	216.30										277.00	355.20	328.80
6	25	04	02	16	38	02	53		-10	-14	-22	-12	-3	-9	-12	-1	-7	-12	-5	-2											-34	-14	116	-84	-87	-83	-85	-87	-92	-97	-102	-101	-96	-78	-80											17	39	-18	3	2	3	2	1	2	2	3	2	3	2	-11											-14	4	5	6	7	-6	-2	-4	0	4	8	7	4	23															85	88	86	86	87	92	98	102	101	97	78	80											38	41	117	186.80	189.10	194.80	188.00	182.00	185.60	187.10	180.60	184.00	187.10	183.70	181.40											296.60	340.30	98.80
7	25	04	02	16	58	02	53		-12	-2	-15	-14	-16	-18	-11	-13	-24	-20	-7	-11	7										-14	-25	-30	-80	-82	-79	-83	-83	-77	-96	-85	-88	-90	-92	-114	-159										57	65	34	0	1	4	3	2	3	2	4	3	2	4	-1	4										-21	12	9	-2	2	1	1	-3	-3	-6	8	10	7	0	-16														81	82	80	84	85	79	97	86	91	92	92	115	159										59	70	45	188.50	181.40	190.80	189.60	190.90	193.20	186.50	188.70	195.30	192.50	184.40	185.50	177.50										346.20	339.00	318.60
8	25	04	02	17	18	02	53		-1	-11	-14	-12	-11	-16	-28	-13	-21	-29	-30	-46	-75										7	7		-80	-82	-82	-81	-81	-79	-80	-87	-77	-86	-77	-80	-93										66	30		3	1	2	2	2	4	0	4	6	3	2	-1	2										-19	6		-2	-9	11	5	-6	-6	1	0	2	3	-5	-6														80	83	83	82	82	81	85	88	80	91	83	92	119										66	31		180.70	187.60	189.70	188.40	187.70	191.40	199.30	188.50	195.30	198.60	201.30	209.90	218.90										6.10	13.10	
9	25	04	02	17	38	02	53		-18	-13	-21	-24	-17	-21	-29	-25	-30	-35	-39	-37	-77										-22			-85	-82	-86	-89	-85	-85	-78	-78	-97	-89	-100	-101	-107										50			3	3	3	3	4	4	4	5	3	6	3	1	5										-7			3	8	-4	2	-3	1	1	0	1	2	-9	-1	-74													87	83	89	92	87	88	83	82	102	96	107	108	132										55			192.00	189.00	193.70	195.10	191.30	193.90	200.40	197.80	197.20	201.50	201.30	200.10	215.70										336.30		
10	25	04	02	17	58	02	53		-17	-26	-26	-31	-25	-26	-19	-21	-33	-36	-29	-33	-67	-108									-53			-105	-103	-111	-96	-106	-113	-110	-117	-116	-116	-113	-130	-82	-128									61			3	5	8	6	5	7	10	7	6	4	0	-2	0	-21									-14			3	0	1	-3	-2	5	-3	11	14	-3	-2	1	-12													106	106	114	101	109	116	112	119	121	121	117	134	106	167									81			189.20	194.20	193.20	197.90	193.30	193.00	189.80	190.20	195.90	197.20	194.40	194.20	219.30	220.20									319.00		
11	25	04	02	18	18	02	53		-31	-23	-29	-33	-40	-36	-27	-26	-25	-30	-35	-17	-22	-22									-10			-102	-102	-100	-102	-106	-113	-114	-129	-134	-123	-120	-120	-140	101									5			2	3	3	4	5	6	3	3	3	5	3	4	-2	8									-5			1	2	1	6	-5	9	5	-2	-7	0	-12	-19	-50													107	105	104	107	113	119	117	132	136	127	125	121	142	103									11			196.90	192.70	196.20	197.90	200.70	197.70	193.30	191.40	190.60	193.70	196.30	188.10	188.90	347.70									296.60		
12	25	04	02	18	38	02	53		-30	-27	-40	-40	-34	-31	-33	-30	-27	-44	-30	-23	-29	-57									-55			-107	-107	-104	-120	-115	-131	-135	-136	-136	-130	-136	-125	-150	-157									77			3	3	4	6	5	4	7	5	4	4	4	0	0	0									-13			0	2	-6	3	0	-5	-4	0	-2	-14	5	3	-5													111	110	111	126	120	135	139	139	139	137	139	127	153	167									95			195.70	194.20	201.00	198.40	196.50	193.30	193.70	192.40	191.20	198.70	192.40	190.40	190.90	200.00									324.50		
13	25	04	02	18	58	02	53		-48	-45	-44	-42	-43	-28	-32	-40	-27	-23	-31	-14	-17	-70									-1			-107	-114	-122	-128	-127	-145	-143	-131	-134	-130	-129	-127	-147	-372									29			1	2	2	3	3	4	7	5	2	4	2	2	3	-62									2			-4	0	0	3	2	0	-1	2	-13	-4	0	-6	43													117	123	130	135	134	148	147	137	137	132	133	128	148	379									29			204.20	201.50	199.80	198.20	198.70	190.90	192.60	197.00	191.40	190.00	193.50	186.30	186.60	190.70									358.00		
14	25	04	02	19	18	02	53		-57	-51	-42	-44	-44	-42	-38	-29	-27	-32	-33	-32	-12	-34									-12			-91	-108	-103	-104	-109	-125	-135	-127	-132	-122	-130	-132	-117	-86									14			1	0	1	1	2	3	4	1	2	2	-2	0	4	-10									-8			-3	-2	-3	2	-4	-2	1	0	3	-4	-10	-2	4	87									-10			107	119	111	113	118	132	140	130	135	126	134	136	118	92									18			212.10	205.30	202.20	202.90	202.00	198.60	195.70	192.90	191.60	194.70	194.20	193.60	185.90	201.60									319.40		
15	25	04	02	19	38	02	53		-44	-40	-31	-37	-39	-33	-31	-36	-27	-17	-30	-41	-8	90									-17			-70	-85	-84	-88	-101	-101	-109	-109	-102	-108	-125	-108	-131	-53									56			1	0	1	1	2	1	2	2	2	4	2	3	1	-8									-9			1	0	-2	4	1	1	-8	-7	1	-1	-9	-7	-5										49			83	94	90	95	108	106	113	115	106	109	129	116	131	104									59			212.20	205.20	200.30	202.80	201.10	198.10	195.90	198.30	194.80	188.90	193.50	200.80	183.50	120.50									343.10		
16	25	04	02	19	58	02	53		-34	-46	-45	-39	-34	-26	-43	-37	-47	-38	-58	-47	-31	20									8			-36	-45	-49	-57	-59	-75	-74	-72	-71	-74	-88	-69	-71	-123									89			0	0	-1	1	0	0	0	0	1	3	1	0	2	4									-5			1	1	8	1	-7	1	-4	2	-6	5	0	7	-32										41			50	64	67	69	68	79	86	81	85	83	105	83	77	125									89			223.40	225.60	222.60	214.40	210.00	199.10	210.20	207.20	213.50	207.20	213.40	214.30	203.60	170.80									5.10		
17	25	04	02	20	18	02	53		-28	-42	-35	-36	-35	-40	-47	-35	-49	-23	-45	-42	-47										-17			-29	-30	-32	-32	-39	-46	-54	-53	-56	-56	-55	-69	-80										36			1	-1	0	0	0	0	1	0	1	-3	-1	0	-2										-6			4	-1	4	8	1	6	-2	3	-3	-1	-4	-12	-26										-67			40	52	47	48	52	61	72	64	74	61	71	81	93										40			224.00	234.50	227.60	228.40	221.90	221.00	221.00	213.40	221.20	202.30	219.30	211.30	210.40										334.70		
18	25	04	02	20	38	02	53		-23	-32	-27	-28	-33	-35	-36	-42	-31	-41	-42	-23	-56										-18			-10	-15	-18	-19	-15	-23	-37	-31	-36	-33	-43	-47	-60										3			1	2	1	1	0	0	1	0	1	-1	-2	1	-4										-4			-4	9	2	2	2	5	5	5	-3	5	2	-4	-27										-101			25	35	32	34	36	42	52	52	48	53	60	52	82										18			246.50	244.90	236.30	235.80	245.60	236.70	224.20	233.60	220.70	231.20	224.30	206.10	223.00										279.50		
19	25	04	02	20	58	02	53		-22	-26	-21	-40	-27	-33	-31	-35	-36	-34	-34	-48	-96										-1			18	9	8	13	4	-5	-2	-6	-8	-17	-10	-13	3										73			-1	-1	-2	-1	0	1	-2	-2	-2	-1	-2	-2	1										-6			6	-3	-3	-2	3	6	3	0	-2	5	-2	10	-61										-16			28	28	22	42	27	33	31	36	37	38	35	50	96										73			309.30	289.10	290.90	288.00	278.40	261.40	266.30	260.30	257.50	243.40	253.60	254.80	271.80										359.20		
20	25	04	02	21	18	02	53		-15	-30	-33	-31	-32	-38	-36	-43	-34	-35	-28	-43	-28	-35									-11			25	30	22	27	23	24	11	7	15	-4	-2	-3	-20	-77									124			-2	1	-3	-3	-2	-3	-3	0	-3	-2	-3	-3	-2	8									-6			5	9	-1	-8	-4	-8	8	-3	-8	13	-1	1	-18										29			29	42	40	41	39	45	38	44	37	35	28	43	34	85									124			329.00	315.00	303.70	311.10	305.70	302.30	287.00	279.20	293.80	263.50	265.90	266.00	234.50	204.40									354.90		
21	25	04	02	21	38	02	53		-15	-24	-25	-26	-37	-32	-28	-39	-25	-36	-34	-28	-23	-24						189			-34			26	23	18	20	15	13	13	7	3	-1	-18	-17	-10	136						-96			80			-4	-2	-5	-5	-4	-3	-4	-3	-4	-3	-4	-8	-1	1						34			-9			7	-4	4	1	-2	-1	-18	1	0	-5	-1	-18	1										56			30	33	31	33	40	35	31	40	25	36	38	33	25	138						212			87			330.00	313.80	305.80	307.60	292.10	292.10	294.90	280.20	276.80	268.40	242.10	238.70	246.50	350.00						116.90			337.00		
22	25	04	02	21	58	02	53		-29	-19	-29	-31	-27	-21	-21	-27	-28	-26	-24	-40	-16	-9									-9			11	15	8	8	14	11	12	12	7	7	-3	-11	-18	-42									32			-1	0	-1	-1	-1	-4	-2	2	-1	-1	-4	0	-3	-6									-7			-1	-2	7	-5	1	-7	-3	-3	-12	-10	10	0	4										2			31	24	30	32	30	24	24	30	29	27	24	41	24	43									33			290.80	308.30	285.40	284.50	297.40	297.60	299.70	294.00	284.00	285.10	262.90	254.60	221.60	192.10									344.30		
23	25	04	02	22	18	02	53		-26	-29	-28	-29	-25	-21	-25	-22	-26	-20	-8	-18	-40	-2									-10			15	23	10	15	14	12	18	31	17	10	20	6	-6	71									10			-3	-5	-3	-2	-2	-3	-1	-2	-2	-2	-2	-2	-2	0									-4			-2	3	3	1	0	5	-3	-4	1	-1	-2	-9	-17	-39									-17			30	37	30	33	29	24	31	38	31	22	22	19	40	71									14			300.00	308.40	289.70	297.30	299.20	299.70	305.80	324.60	303.20	296.60	338.20	288.40	261.50	358.40									315.00		
24	25	04	02	22	38	02	53		-47	-32	-33	-28	-27	-31	-28	-23	-32	-17	-29	-25	-19	-2		-161							-2			18	22	15	19	16	18	20	16	26	20	12	3	5	-24		-26							17			2	1	1	1	1	1	2	0	0	-1	0	-1	-2	-10		24							3			-2	-1	1	3	-1	7	12	0	3	-11	-8	2	-18	-7									-51			50	39	36	34	31	36	34	28	41	26	31	25	20	24		163							17			291.00	304.50	294.40	304.20	300.70	300.10	305.50	304.80	309.10	319.60	292.50	276.80	284.70	184.80		260.80							353.30		
25	25	04	02	22	58	02	53		-39	-29	-26	-25	-28	-25	-32	-24	-29	-29	-39	-42	-25	35									17			9	17	21	16	23	27	18	19	24	20	5	1	5	-6									13			2	2	2	2	3	2	4	2	4	2	2	-1	-5	1									1			4	9	2	1	4	-6	-4	10	-8	-10	-13	-20	20	14												40	34	33	30	36	37	37	31	38	35	39	42	25	36									21			283.00	300.40	308.90	302.60	309.40	317.20	299.40	308.40	309.60	304.60	277.30	271.40	281.30	99.70									52.60		
26	25	04	02	23	18	02	53		-42	-33	-26	-27	-15	-19	-18	-26	-8	-12	-19	-12	-19	-44									-30			-2	1	-2	3	4	11	7	18	1	-3	14	-4	8	20									38			1	0	0	0	-1	0	-1	0	-3	0	-1	-3	-1	-4									-5			-2	-10	-2	0	3	1	1	0	4	2	4	-3	-1	-65												42	33	26	27	16	22	19	32	8	12	24	13	21	48									48			267.30	271.70	265.60	276.30	284.90	300.10	291.30	304.70	277.10	256.00	306.40	251.60	292.80	294.40									321.70		
27	25	04	02	23	38	02	53		-34	-32	-38	-32	-24	-22	-16	-20	-22	-30	-30	-15	0	-49	93								-34			6	6	16	17	11	24	18	25	17	15	22	15	10	-1	13								67			1	-1	0	-1	0	0	-3	-4	-1	-1	-3	1	-4	-9	14								-15			-5	1	8	2	-2	1	2	-1	-5	1	-10	3	-23	63												35	33	41	36	26	33	24	32	28	34	37	21	10	49	94								75			280.00	280.60	292.80	298.00	294.60	317.50	318.40	321.30	307.70	296.60	306.30	315.00	0.00	268.80	82.00								333.10		
28	25	04	02	23	58	02	53		-21	-33	-29	-22	-23	-21	-18	-22	-16	-11	-25	-14	-15	-27	-127	-23							-2			23	22	35	42	30	35	35	33	40	35	45	30	4	-7	-12	67							-14			1	1	1	2	1	1	1	1	0	1	-1	-5	0	7	-32	-4							-4			3	-9	0	0	6	1	-4	-1	0	-1	-1	-3	17	31												31	40	45	47	38	41	39	40	43	37	51	33	16	28	128	71							14			317.60	303.70	320.40	332.40	322.50	329.00	332.80	326.30	338.20	342.60	330.90	335.00	284.90	255.50	264.60	341.10							188.10		
29	25	04	03	00	18	02	53		-17	-21	-17	-17	-15	-11	12	2	-8	-4	1	5	2	-19	-87								5			29	34	33	36	29	31	31	27	30	36	24	24	30	27	79								4			0	1	2	1	2	0	1	1	0	-1	-1	-3	0	-13	0								1			-3	2	4	6	-9	-7	-5	-6	-6	1	5	-6	-1	-4												34	40	37	40	33	33	33	27	31	36	24	25	30	33	118								6			329.60	328.30	332.70	334.70	332.70	340.50	21.20	4.20	345.10	353.70	2.40	11.80	3.80	324.90	312.20								51.30		
30	25	04	03	00	38	02	53		-27	-16	-16	-13	-11	0	-6	-2	-4	3	-4	1	-16	-25									-50			17	22	17	18	11	25	24	32	22	29	30	18	34	63									67			0	1	0	-1	0	-1	-1	-1	-1	-4	-4	-4	-6	-11									-17			-5	1	4	6	1	1	1	1	-9	-4	-6	1	-23	39												32	27	23	22	16	25	25	32	22	29	30	18	38	68									84			302.20	324.00	316.70	324.20	315.00	0.00	346.00	356.40	349.70	5.90	352.40	3.20	334.80	338.40									323.30		
31	25	04	03	00	58	02	53		-16	-5	1	-6	-6	-3	-8	-6	-6	-20	-20	-11	-19	5									2	17	83	13	24	31	28	35	36	35	30	34	31	51	48	17	-5									47	39	-15	0	0	0	-1	0	1	0	-2	-2	-2	-4	-6	-13	-15									-13	-3	-2	0	-4	-1	3	2	-11	6	4	4	9	-11	6	-11													21	25	31	29	36	36	36	31	35	37	55	49	25	7									47	43	84	309.10	348.20	1.80	347.90	350.30	355.20	347.10	348.70	350.00	327.20	338.60	347.10	311.80	135.00									2.40	23.60	100.20
32	25	04	03	01	18	02	53		4	0	-1	-3	0	-4	-9	-12	-7	-15	-22	-14	-13	17									-37	-18	-51	18	25	25	27	32	29	24	32	28	44	37	35	36	2									37	-47	-58	-2	-1	-3	-2	-2	-1	-2	-1	-2	-4	-2	-4	-8	0									-10	-2	4	8	2	4	2	-5	2	1	-9	-5	-2	-4	-2	21													18	25	25	27	32	29	26	34	29	46	43	38	38	17									52	50	77	12.50	0.00	357.70	353.70	0.00	352.10	339.40	339.40	346.00	341.20	329.30	338.20	340.10	83.30									315.00	201.00	221.30
33	25	04	03	01	38	02	53		15	19	0	3	9	-6	-9	0	0	-11	-3	-25	-21	-3									34	-36	-85	6	8	15	20	22	17	19	21	12	31	38	19	27	12									33	28	12	0	-1	-2	0	-2	-2	-1	-3	-4	-3	-4	-6	-5	9									-5	8	15	1	3	-2	1	3	-1	6	6	-2	2	-3	3	11	-147												16	21	15	20	24	18	21	21	12	33	38	31	34	12									47	46	86	68.20	67.20	0.00	8.50	22.20	340.60	334.70	0.00	0.00	340.50	355.50	307.20	322.10	346.00									45.90	307.90	278.00
34	25	04	03	01	58	02	53		18	12	10	6	11	0	8	0	1	-14	-11	-11	-7	30										-8	17	-9	-9	-11	2	2	-3	7	1	7	8	10	14	6	80										91	27	2	1	0	1	1	1	3	1	1	0	-1	-2	-5	-13										1	-12	-2	3	-2	4	2	-6	-10	-13	0	-1	5	-1	-7													20	15	15	6	11	3	11	1	7	16	15	18	9	85										91	32	116.60	126.90	137.70	71.60	79.70	180.00	48.80	0.00	8.10	299.70	312.30	321.80	310.60	20.60										355.00	32.20
35	25	04	03	02	18	02	53		12	16	10	12	12	-1	7	6	10	-12	-8	-12	-8											-20		-25	-33	-23	-26	-20	-30	-28	-12	-22	-11	-28	-15	-15											8		4	3	3	2	4	3	3	3	3	5	1	3	3											-15		4	3	-3	4	2	2	-8	-5	-1	-2	3	-4	-10													28	37	25	29	23	30	29	13	24	16	29	19	17											22		154.40	154.10	156.50	155.20	149.00	181.90	166.00	153.40	155.60	227.50	195.90	218.70	208.10											291.80	
36	25	04	03	02	38	02	53		15	21	11	9	10	-1	2	-7	-4	-10	-3	-11	-8	-127										-27		-24	-32	-30	-38	-33	-36	-34	-28	-25	-19	-39	-17	-32	34										66		1	1	1	0	1	4	6	4	5	3	4	6	4	40										2		2	3	-1	-7	7	4	-10	0	6	-6	1	-17	10													28	38	32	39	34	36	34	29	25	21	39	20	33	131										71		148.00	146.70	159.90	166.70	163.10	181.60	176.60	194.00	189.10	207.80	184.40	212.90	194.00	285.00										337.80	
37	25	04	03	02	58	02	53		22	10	14	16	10	7	1	-4	-8	-5	-11	-14	-57	35										-30	-34	-68	-56	-52	-52	-53	-45	-50	-56	-36	-33	-29	-24	-48	16										50	-3	0	0	0	-1	0	1	2	3	3	2	3	4	7	2										5	11	-1	9	0	-2	-5	5	-8	-3	6	-4	4	0	-37													71	57	54	54	54	46	50	56	37	33	31	28	75	38										58	34	162.10	169.90	164.90	162.90	169.30	171.20	178.90	184.10	192.50	188.60	200.80	210.30	229.90	65.40										329.00	265.00
38	25	04	03	03	18	02	53		10	11	10	1	5	5	-1	-2	-7	-22	-23	-25	-4	-46										-15	-27	-87	-88	-93	-86	-88	-86	-84	-71	-72	-71	-61	-65	-35	-13										17	-63	0	-1	-1	0	2	2	0	2	2	0	1	-2	-6	-1										-8	8	1	1	0	-1	3	-2	4	4	-2	2	-5	-14	0	-78												88	89	94	86	88	86	84	71	72	74	65	70	35	48										23	69	173.40	172.90	173.90	179.30	176.70	176.70	180.70	181.60	185.60	197.20	200.70	201.00	186.50	254.20										318.60	203.20
39	25	04	03	03	38	02	53		14	7	5	-5	5	-9	-14	-19	-15	-24	-26	-26	-46	2										-20	-73	-102	-85	-92	-90	-88	-94	-88	-84	-89	-85	-90	-76	-69	-68										73	8	3	2	3	3	3	2	4	3	2	3	6	3	-3	13										-3	13	0	-6	-4	-2	2	2	-1	3	-12	11	3	-3	4													103	85	92	90	88	94	89	86	90	88	94	80	83	68										76	73	172.20	175.30	176.90	183.20	176.70	185.50	189.00	192.70	189.60	195.80	196.10	198.90	213.70	178.30										344.70	276.30
40	25	04	03	03	58	02	53		7	2	1	2	0	-3	-6	-8	-12	-15	1	-15	-26	-9										-6	-27	-95	-101	-100	-93	-87	-89	-89	-80	-78	-81	-77	-90	-70	-104										90	37	2	1	2	4	3	3	3	4	4	4	5	2	4	1										5	7	-5	5	6	3	5	1	-3	-8	1	3	10	-12	6													95	101	100	93	87	89	89	80	79	82	77	91	75	104										90	46	175.80	178.90	179.40	178.80	180.00	181.90	183.90	185.70	188.70	190.50	179.30	189.50	200.40	184.90										356.20	323.90
41	25	04	03	04	18	02	53		15	10	5	4	-2	-11	-6	-18	-14	-9	-20	-16	6	-29									-91	-22	67	-96	-96	-95	-96	-92	-88	-86	-77	-69	-71	-73	-79	-67	-24									-31	48	2	0	1	0	0	0	-1	-2	0	-2	-1	0	0	-1	-10									9	1	0	-3	0	2	4	-4	-3	-2	1	-6	8	-6	-17	-4													97	97	95	96	92	89	86	79	70	72	76	81	67	38									96	53	67	171.10	174.10	177.00	177.60	181.20	187.10	184.00	193.20	191.50	187.20	195.30	191.40	174.90	230.40									251.20	335.40	88.30
42	25	04	03	04	38	02	53		-1	12	7	-6	-7	-5	-6	-5	-2	-13	-14	-16	-28	50									-81	-20	64	-107	-101	-101	-89	-98	-83	-80	-74	-66	-62	-70	-57	-72	47									26	-40	11	0	0	-1	1	0	1	1	-1	0	0	0	0	1	23									0	6	29	4	-1	0	-1	-1	5	-1	7	1	7	-2	0	23													107	102	101	89	98	83	80	74	66	63	71	59	77	69									85	45	65	180.50	173.20	176.00	183.90	184.10	183.40	184.30	183.90	181.70	191.80	191.30	195.70	201.30	46.80									287.80	206.60	80.20
43	25	04	03	04	58	02	53		15	4	-6	2	2	-8	-6	-12	-13	-11	-7	-2	-18	-29									-19	15	29	-99	-104	-94	-99	-96	-79	-75	-70	-59	-65	-61	-59	-64	-109									63	22	-92	2	1	1	1	1	2	3	1	1	1	1	-2	-2	-5									-14	8	-6	1	1	0	7	2	-1	-6	2	4	3	-3	-7	4	87												100	104	94	99	96	79	75	71	60	66	61	59	66	113									66	27	96	171.40	177.80	183.70	178.80	178.80	185.80	184.60	189.70	192.40	189.60	186.50	181.90	195.70	194.90									343.20	34.30	162.50
44	25	04	03	05	18	02	53		2	-6	-2	1	-5	2	-3	-2	-10	-17	-11	-8	7	-67									7	-26		-116	-103	-97	-80	-86	-86	-69	-67	-68	-62	-60	-76	-52	-117									61	-55		3	3	3	2	4	4	3	4	5	5	3	2	4	-11									-11	-1		0	2	7	5	6	-2	0	4	4	8	-4	-6	11													116	103	97	80	86	86	69	67	69	64	61	76	52	135									61	61		179.00	183.30	181.20	179.30	183.30	178.70	182.50	181.70	188.40	195.30	190.40	186.00	172.30	209.80									6.50	205.30	
45	25	04	03	05	38	02	53		-1	-5	-8	1	-3	-8	-7	-5	-10	-21	-19	1	-36										-62		81	-106	-96	-88	-91	-75	-70	-58	-66	-60	-57	-49	-65	-59										7		205	-1	2	1	1	1	3	3	4	1	2	2	1	-3										-2		73	0	3	0	3	0	-2	-9	-4	-1	3	5	-15	9													106	96	88	91	75	70	58	66	61	61	53	65	69										62		220	180.50	183.00	185.20	179.40	182.30	186.50	186.90	184.30	189.50	200.20	201.20	179.10	211.40										276.40		21.60
46	25	04	03	05	58	02	53		-10	-5	-2	-22	-20	-18	-24	-12	-31	-21	-36	-28	-31	-28	-28	-43	-42	-38	-53	-1			-19			-98	-89	-85	-69	-44	-34	-45	-49	-43	-35	-64	-67	-63	-56	-39	-19	-33	-41	-74	-78			0			0	1	0	0	-1	0	-1	-3	2	1	0	0	0	-2	0	6	0	-4	0	-7			-7			6	-9	-6	1	4	-2	6	9	1	9	0	1	26	-17	-1	6	-55	-84	-64							99	89	85	72	48	38	51	50	53	41	73	73	70	63	48	47	53	56	91	78			19			185.80	183.20	181.30	197.70	204.40	207.90	208.10	193.80	215.80	211.00	209.40	202.70	206.20	206.60	215.70	246.20	231.80	222.80	215.60	180.70			270.00		
47	25	04	03	06	18	02	53		-11	-13	-5	-4	9	10	26	21	-22	-5	0	-28	-22	-16	-44								-42			-115	-116	-103	-88	-92	-73	-78	-79	-90	-74	-85	-94	-84	-93	-23								88			-1	0	0	1	0	-1	4	-2	-8	-1	-1	-1	-3	-10	-2								-23			9	0	3	-5	2	-5	-14	-3	16	5	1	12	-7	-5												116	117	103	88	92	74	82	82	93	74	85	98	87	94	50								98			185.50	186.40	182.80	182.60	174.40	172.20	161.60	165.10	193.70	183.90	180.00	196.60	194.70	189.80	242.40								334.50		
48	25	04	03	06	38	02	53		-10	-10	-12	-10	-9	-13	-10	-15	-27	-27	-29	-32	-17	4									-48			-128	-138	-137	-125	-114	-102	-108	-99	-87	-98	-105	-97	-87	-106									31			2	3	3	5	4	4	4	4	3	3	1	3	2	3									-9			4	-3	-2	-3	-5	-5	-4	5	14	3	8	11	-8	18												128	138	138	125	114	103	108	100	91	102	109	102	89	106									57			184.50	184.10	185.00	184.60	184.50	187.30	185.30	188.60	197.20	195.40	195.40	198.30	191.10	177.80									302.90		
49	25	04	03	06	58	02	53		-9	-17	-13	-13	-14	-23	-20	-26	-19	-19	-17	-17	-27	-7									-23			-137	-139	-122	-129	-131	-120	-105	-110	-114	-101	-108	-98	-104	-99									9			2	2	3	5	5	5	6	5	5	7	5	3	2	3									-4			10	0	0	1	-5	-3	1	1	-7	17	2	-12	22	-7												137	140	123	130	132	122	107	113	116	103	109	99	107	99									25			183.80	187.00	186.10	185.80	186.10	190.90	190.80	193.30	189.50	190.70	188.90	189.80	194.60	184.00									291.40		
50	25	04	03	07	18	02	53		-18	-22	-19	-19	-17	-15	-17	-16	-10	-17	-16	-24	-15	67									-33			-121	-119	-114	-111	-106	-113	-101	-106	-96	-80	-95	-93	-80	-83									28			3	3	2	4	4	5	3	5	3	4	5	7	5	7									-12			6	1	9	-3	-2	-7	-1	14	0	8	7	-6	2	-24												122	121	116	113	107	114	102	107	97	82	96	96	81	107									43			188.50	190.50	189.50	189.70	189.10	187.60	189.60	188.60	185.90	192.00	189.60	194.50	190.60	141.10									310.30		
51	25	04	03	07	38	02	53		-29	-28	-26	-20	-18	-24	-23	-16	-22	-9	-21	-30	-23	-25							22		-6			-114	-119	-112	-121	-101	-107	-94	-92	-90	-85	-79	-79	-76	-72							-37		-15			3	3	4	4	3	3	3	4	1	5	4	4	7	-1							20		3			-6	0	0	0	7	7	2	6	2	-10	12	0	-25	20									19			118	122	115	123	103	110	97	93	93	85	82	85	79	76							43		16			194.30	193.20	193.10	189.40	190.10	192.60	193.70	189.90	193.70	186.00	194.90	200.80	196.80	199.10							149.30		201.80		
52	25	04	03	07	58	02	53		-41	-48	-35	-27	-32	-35	-30	-24	-31	-28	-26	-34	-27	0								-69	-18			-108	-112	-105	-108	-108	-105	-97	-89	-72	-75	-76	-59	-53	-32								-231	16			1	5	4	3	3	5	4	2	5	2	4	6	2	9								13	-6			-7	1	-1	6	-4	-3	-2	-6	4	-1	-4	-9	-13	-18									-1			116	122	111	111	113	111	102	92	78	80	80	68	59	32								241	24			200.80	203.20	198.40	194.00	196.50	198.40	197.20	195.10	203.30	200.50	198.90	210.00	207.00	180.00								196.60	311.60		
53	25	04	03	08	18	02	53		-35	-32	-30	-25	-34	-25	-13	-7	-20	-10	-20	-14	-8	-20	-9	99	125	-162					13			-86	-93	-89	-88	-87	-78	-68	-63	-58	-51	-48	-27	-22	-33	-13	11	11	-70					14			1	3	3	5	3	2	4	1	4	5	3	1	-4	-4	-5	-16	-12	-9					4			-4	0	-2	0	7	-1	-4	13	6	5	-4	5	9	39									10			93	98	94	91	93	82	69	63	61	52	52	30	23	39	16	100	125	176					19			202.10	199.00	198.60	195.90	201.30	197.80	190.80	186.30	199.00	191.10	202.60	207.40	200.00	211.20	214.70	83.70	85.00	246.60					42.90		
54	25	04	03	08	38	02	53		-49	-33	-37	-30	-19	-20	-11	-7	-3	-19	-7	-4	-18	-9	22	-8	98	9	34	60	103		-7			-66	-69	-70	-64	-64	-41	-48	-45	-45	-41	-43	-47	-25	3	94	16	-14	-49	-10	2	-28		8			3	3	2	4	3	4	3	6	-2	-1	-3	-1	-9	-5	7	-7	-32	-16	4	-10	-2		-2			2	0	-1	-1	0	5	6	11	3	0	5	3	27	63						13	-40		13			82	76	79	71	67	46	49	46	45	45	44	47	31	9	97	18	99	50	35	60	107		11			216.60	205.60	207.90	205.10	196.50	206.00	192.90	188.80	183.80	204.90	189.20	184.90	215.80	288.40	13.20	333.40	98.10	169.60	106.40	88.10	105.20		318.80		
55	25	04	03	08	58	02	53		-51	-43	-41	-36	-31	-24	-29	-18	-6	-6	-5	1	-3	21				46	44	14	15	38	-23			-37	-43	-50	-43	-43	-41	-44	-33	-28	-27	-18	-16	-33	-33				20	22	29	4	15	59			1	3	2	2	3	3	3	1	0	0	2	-2	-8	-19				-3	-3	4	4	-23	-4			4	-7	1	-1	-7	0	2	3	0	12	3	-2	1						26	-16	29		3			63	61	65	56	53	48	53	38	29	28	19	16	33	39				50	49	32	16	41	63			234.00	225.00	219.40	219.90	215.80	210.30	213.40	208.60	192.10	192.50	195.50	176.40	185.20	147.50				66.50	63.40	25.80	75.10	68.50	338.70		
56	25	04	03	09	18	02	53		-36	-36	-38	-36	-36	-41	-30	-14	-7	-13	-18	1	-6	24		93	1	12	-2	15	10		-15			-32	-31	-36	-32	-32	-26	-25	-16	-7	-9	-8	-5	12	61		87	51	-18	-76	-6	55		41			4	2	5	4	5	8	4	4	4	4	3	-6	1	-4		-19	-10	-5	-20	-7	4		-2			-2	-5	-5	-2	3	-1	2	-10	-9	10	-3	-11	-4	4						1	10		12			48	48	52	48	48	49	39	21	10	16	20	5	13	66		127	51	22	76	16	56		44			228.40	229.30	226.50	228.40	228.40	237.60	230.20	221.20	225.00	235.30	246.00	168.70	333.40	21.50		46.90	1.10	146.30	181.50	111.80	10.30		339.90		
57	25	04	03	09	38	02	53		-21	-32	-33	-36	-29	-17	-21	-15	-5	-4	0	-8	17	33		-40	60	78					23			-7	-15	-14	-24	-16	-5	-9	-14	-3	9	10	10	13	58		-67	60	62					-48			1	1	1	1	1	1	1	1	-2	1	1	-4	-5	14		-36	4	-10					6			7	7	-8	-4	-6	-2	3	0	-10	-3	-15	-8	19					-37					42			22	35	36	43	33	18	23	21	6	10	10	13	21	67		78	85	100					53			251.60	244.90	247.00	236.30	241.10	253.60	246.80	227.00	239.00	336.00	0.00	321.30	52.60	29.60		210.80	45.00	51.50					154.40		
58	25	04	03	09	58	02	53		-31	-30	-22	-29	-24	-13	-12	4	3	-2	1	-1	-6	-52									2			-1	-6	5	9	9	11	16	11	17	3	9	0	18	39									39			-1	-4	-2	-1	-3	-1	-2	-3	-3	-3	-4	-8	-9	1									1			2	2	3	1	-4	-8	1	2	3	3	-1	3	0	37									17			31	31	23	30	26	17	20	12	17	4	9	1	19	65									39			268.20	258.70	282.80	287.20	290.60	310.20	323.10	20.00	10.00	326.30	6.30	270.00	341.60	306.90									2.90		
59	25	04	03	10	18	02	53		-26	-34	-38	-42	-36	-26	-25	-35	-12	-24	-18	-29	-13	13	-58								17			-15	-1	-4	6	5	12	11	11	16	14	24	19	12	-9	-57								6			-4	-2	-3	-2	-5	-5	-4	-5	-6	-4	-4	-3	-3	3	-20								2			2	-5	2	-1	-3	-7	3	0	6	4	6	-14	-14	-56									52			30	34	38	42	36	29	27	37	20	28	30	35	18	16	81								18			240.00	268.30	264.00	278.10	277.90	294.80	293.70	287.40	323.10	300.30	323.10	303.20	312.70	124.70	225.50								70.60		
60	25	04	03	10	38	02	53		-30	-35	-33	-32	-32	-33	-33	-28	-19	-20	1	-4	18	41									-54			1	-1	7	17	10	15	14	23	17	13	18	21	21	-10									39			-2	-3	-2	-2	-2	0	1	-1	-1	-1	0	-3	2	5									-12			5	5	-9	-4	2	1	-8	-3	0	5	-7	17	25	40												30	35	34	36	34	36	36	36	25	24	18	21	28	42									67			271.90	268.40	282.00	298.00	287.40	294.40	293.00	309.40	311.80	303.00	3.20	349.20	40.60	103.70									305.80		
61	25	04	03	10	58	02	53		-25	-23	-21	-24	-23	-26	-25	-16	-21	-17	-17	-10	-2	-36									-23			0	4	9	5	23	16	11	11	14	11	-1	16	29	2									-7			0	0	0	1	0	0	2	1	0	1	0	0	-3	10									-5			-1	-6	4	-3	7	3	3	4	-8	-10	-3	-8	-11	36												25	23	23	25	33	31	27	19	25	20	17	19	29	36									24			270.00	279.90	293.20	281.80	315.00	301.60	293.70	304.50	303.70	302.90	266.60	328.00	356.10	273.20									253.10		
62	25	04	03	11	18	02	53		-24	-25	-10	-15	-18	-11	-5	-8	-6	-8	-16	-4	-8	-36									47			-12	-16	-8	0	6	1	3	14	10	9	-2	6	15	33									-17			2	2	3	2	1	1	0	2	-1	-3	-1	1	-2	-1									17			0	2	4	5	8	4	0	-3	-1	-7	7	3	-6	-10												27	30	13	15	19	11	6	16	12	12	16	7	17	49									50			243.40	237.40	231.30	270.00	288.40	275.20	301.00	330.30	329.00	318.40	262.90	326.30	331.90	312.50									109.90		
63	25	04	03	11	38	02	53		-28	-14	-21	-21	-23	-22	-9	-15	-8	-13	1	1	4	-38									44			-3	5	0	0	-2	4	3	0	5	7	10	1	16	65									-25			0	1	0	-1	0	0	0	-2	-3	-2	-6	-9	-6	-33									9			3	5	5	3	-1	-7	3	-1	-6	4	-4	5	16													28	15	21	21	23	22	9	15	9	15	10	1	16	75									51			263.90	289.70	270.00	270.00	265.00	280.30	288.40	270.00	302.00	298.30	5.70	45.00	14.00	329.70									119.60		
64	25	04	03	11	58	02	53		-25	-29	-24	-18	-26	-22	-14	-11	-6	-9	-4	-15	-33	-41									-69			-6	-6	8	0	4	12	8	9	8	14	27	17	9	50									8			-1	-1	0	-2	-1	-1	-1	-3	-5	-4	-2	-4	-5	-2									-27			-14	-3	-2	-5	-2	0	11	3	13	13	19	-5	5	34												26	30	25	18	26	25	16	14	10	17	27	23	34	65									69			256.50	258.30	288.40	270.00	278.70	298.60	299.70	309.30	323.10	327.30	351.60	318.60	285.30	320.60									276.60		
65	25	04	03	12	18	02	53		-17	-14	-10	-15	-20	-10	-15	-5	-25	-20	-21	-15	-24	-40					-43	49	-1	-30	-31			-7	1	6	4	16	21	13	17	20	16	21	24	9	-19					71	38	42	25	53			-1	-2	0	-1	-1	1	2	0	-2	-1	-2	0	-1	-5					10	-8	-1	7	-4			0	7	4	3	6	-1	2	10	4	-9	-8	-4	-16								3	26				18	14	12	16	26	23	20	18	32	26	30	28	26	44					83	62	42	39	61			247.60	274.10	301.00	284.90	308.70	334.50	310.90	343.60	308.70	308.70	315.00	328.00	290.60	244.60					328.80	52.20	358.60	309.80	329.70		
66	25	04	03	12	38	02	53		-20	-17	-2	-8	-4	-9	-8	-7	-6	-14	-18	-21	-6	-33						40	-12	-19	18			7	-3	3	16	24	21	10	2	12	14	16	17	9	51						29	47	11	-35			-2	-3	-2	2	1	1	2	2	1	1	0	4	1	-1						-1	-1	-3	3			-3	3	-1	4	-2	0	4	-8	6	-10	-4	-2	-3								-21	13				21	17	4	18	24	23	13	7	13	20	24	27	11	61						49	49	22	39			289.30	260.00	326.30	333.40	350.50	336.80	321.30	285.90	333.40	315.00	311.60	309.00	326.30	327.10						54.10	345.70	300.10	152.80		
67	25	04	03	12	58	02	53		-16	-14	-6	-8	3	10	-8	-6	2	-10	-3	10	7	-2									-8			-1	1	8	18	20	30	19	35	23	22	23	16	30	22									53			-3	-3	-3	-4	-4	-5	-3	-4	-3	-3	-3	-7	-1	-5									-11			-1	0	12	8	6	0	-1	0	2	0	-5	5	2	37												16	14	10	20	20	32	21	36	23	24	23	19	31	22									54			266.40	274.10	323.10	336.00	8.50	18.40	337.20	350.30	5.00	335.60	352.60	32.00	13.10	354.80									351.40		
68	25	04	03	13	18	02	53		-13	-13	-15	-14	-10	0	-2	8	13	0	-5	1	-4	-59									-27		52	14	9	0	10	8	10	16	14	17	27	32	32	8	226									42		3	0	2	4	3	1	1	2	1	0	0	2	0	-4	24									-9		36	0	-2	0	5	-2	2	4	0	3	-5	0	1	10													19	16	15	17	13	10	16	16	21	27	32	32	9	234									50		52	317.10	304.70	270.00	305.50	308.70	0.00	352.90	29.70	37.40	0.00	351.10	1.80	333.40	345.40									327.30		86.70
69	25	04	03	13	38	02	53		-15	-8	-6	-8	-3	-4	8	8	9	-5	19	11	12	1									-5			9	13	13	13	12	13	15	17	16	32	20	24	28	4									69			3	4	1	0	2	3	2	2	2	2	2	2	-1	-1									-26			3	1	1	0	0	-5	-2	-5	-6	-7	11	18	1													17	15	14	15	12	14	17	19	18	32	28	26	30	4									69			301.00	328.40	335.20	328.40	346.00	342.90	28.10	25.20	29.40	351.10	43.50	24.60	23.20	14.00									355.90		
70	25	04	03	13	58	02	53		3	-8	-11	-1	7	7	6	14	13	9	21	8	13	18										-21	164	29	29	31	27	19	17	19	18	26	28	29	33	34	41										148	29	-1	-1	0	0	3	3	1	1	5	1	1	1	3	10										28	-10	-2	-1	-6	8	-2	-5	6	-9	-1	-8	3	2	-25													29	30	33	27	20	18	20	23	29	29	36	34	36	45										149	167	5.90	344.60	340.50	357.90	20.20	22.40	17.50	37.90	26.60	17.80	35.90	13.60	20.90	23.70										351.90	80.00
71	25	04	03	14	18	02	53		-7	-2	4	12	3	3	20	15	18	15	17	27	4											-41		11	5	11	18	11	4	19	20	24	21	21	20	39											-47		2	1	4	2	2	2	1	1	2	2	1	0	-2											-1		5	1	-1	3	2	4	-10	-5	2	-11	0	-4	56													13	5	12	22	11	5	28	25	30	26	27	34	39											62		327.50	338.20	20.00	33.70	15.30	36.90	46.50	36.90	36.90	35.50	39.00	53.50	5.90											221.10	
72	25	04	03	14	38	02	53		4	10	12	9	17	12	15	16	20	11	8	16	37											-59		-5	-12	-9	-14	-11	-15	0	-10	-4	2	1	-11	19											25		0	0	0	1	0	0	1	0	3	1	0	2	11											1		6	1	-9	0	8	6	0	-5	-4	3	-2	9	15													6	16	15	17	20	19	15	19	20	11	8	19	42											64		141.30	140.20	126.90	147.30	122.90	141.30	90.00	122.00	101.30	79.70	82.90	124.50	62.80											293.00	
73	25	04	03	14	58	02	53		9	23	20	24	24	21	21	5	8	9	6	8	3	23										2		-18	-9	-15	-15	-9	-12	-22	-20	-24	-24	-15	-13	-8	75										-50		0	0	1	0	0	0	-1	-2	0	-1	-1	0	-1	4										-8		0	4	-6	3	-6	-6	7	8	2	5	-8	16	6													20	25	25	28	26	24	30	21	25	26	16	15	9	78										50		153.40	111.40	126.90	122.00	110.60	119.70	136.30	166.00	161.60	159.40	158.20	148.40	159.40	17.00										177.70	
74	25	04	03	15	18	02	53		21	30	23	24	13	16	15	17	10	15	15	10	22	5										48	-8	-36	-29	-22	-24	-21	-15	-22	-28	-29	-26	-22	-24	-24	-86										-75	14	1	3	3	4	4	4	2	3	3	3	5	3	3	15										-21	16	-1	-1	-1	4	0	-3	-4	-9	-2	10	1	9	-16	7												42	42	32	34	25	22	27	33	31	30	27	26	33	86										89	16	149.70	134.00	133.70	135.00	148.20	133.20	145.70	148.70	161.00	150.00	145.70	157.40	137.50	176.70										147.40	330.30
75	25	04	03	15	38	02	53		26	19	16	18	19	15	12	13	19	7	16	16	13	-5		49								43		-47	-49	-49	-53	-55	-51	-44	-59	-45	-42	-31	-41	-48	-45		-55								-116		3	4	3	4	7	4	6	6	4	5	5	3	1	1		-1								-26		-3	-10	-6	0	5	-3	-7	-5	3	-9	-6	9	8	-49												54	53	52	56	58	53	46	60	49	43	35	44	50	45		74								124		151.00	158.80	161.90	161.20	160.90	163.60	164.70	167.60	157.10	170.50	152.70	158.70	164.80	186.30		138.30								159.70	
76	25	04	03	15	58	02	53		26	20	22	22	28	29	23	20	19	10	4	17	8	-15										-22		-78	-75	-80	-76	-74	-76	-81	-68	-75	-86	-74	-90	-86	-48										-15		2	2	2	2	2	2	3	7	5	5	6	6	3	-9										4		-1	1	13	3	1	-1	1	-9	2	-2	-6	-8	-7	-6												82	78	83	79	79	81	84	71	77	87	74	92	86	50										27		161.60	165.10	164.60	163.90	159.30	159.10	164.10	163.60	165.80	173.40	176.90	169.30	174.70	197.40										235.70	
77	25	04	03	16	18	02	53		34	28	28	27	30	28	22	19	16	4	3	7	10	13										-61	-15	-92	-94	-95	-92	-90	-90	-83	-91	-108	-86	-83	-91	-79	-68										-41	91	0	2	2	4	3	2	2	4	1	2	5	1	2	3										3	21	4	0	-7	2	1	0	-3	-2	8	10	4	-2	1	-16												98	98	99	96	95	94	86	93	109	86	83	91	80	69										73	92	159.70	163.40	163.60	163.60	161.60	162.70	165.20	168.20	171.60	177.30	177.90	175.60	172.80	169.20										236.10	350.60
78	25	04	03	16	38	02	53		45	33	30	34	21	6	21	7	-4	3	4	-2	-8	-29										-41	-62	-85	-91	-91	-97	-93	-83	-88	-77	-80	-70	-72	-81	-65	-41										152	47	2	2	2	2	3	3	2	3	2	2	2	3	1	-13										23	-3	1	7	2	-5	-4	0	-5	-8	2	-11	-4	6	-2	42												96	97	96	103	95	83	90	77	80	70	72	81	65	50										157	78	152.10	160.10	161.80	160.70	167.30	175.90	166.60	174.80	182.90	177.50	176.80	181.40	187.00	215.30										344.90	307.20
79	25	04	03	16	58	02	53		27	24	17	12	6	0	1	-7	-7	-10	-17	-20	-16	-12										-36		-92	-82	-86	-84	-89	-83	-86	-78	-81	-79	-94	-95	-76	-91										32		2	2	4	1	3	3	2	3	5	5	3	5	6	9										10		-1	5	2	2	1	-4	2	-4	5	5	-6	2	2	-40												96	85	88	85	89	83	86	78	81	80	96	97	78	92										48		163.60	163.70	168.80	171.90	176.10	180.00	179.30	185.10	184.90	187.20	190.30	191.90	191.90	187.50										311.60	
80	25	04	03	17	18	02	53		28	24	13	15	2	8	-5	-3	-9	-2	-9	-13	-30	8									0			-91	-93	-91	-89	-88	-102	-94	-107	-92	-120	-96	-105	-95	-81									40			1	2	2	3	2	1	2	2	4	3	10	2	5	2									9			-7	-1	3	-4	5	0	2	3	-3	-1	-2	5	-4	-19												95	96	92	90	88	102	94	107	92	120	96	106	100	81									40			162.90	165.50	171.90	170.40	178.70	175.50	183.00	181.60	185.60	181.00	185.40	187.10	197.50	174.40									0.00		
81	25	04	03	17	38	02	53		30	31	21	16	13	-4	0	1	-3	-6	-15	-11	-17	-29	-20								6			-103	-102	-96	-100	-101	-104	-99	-100	-97	-103	-102	-96	-104	-64	-33								-60			-1	2	1	1	2	4	1	3	3	2	1	2	3	-3	33								2			4	7	-8	-4	0	0	-5	0	0	0	4	-2	0	29												107	107	98	101	102	104	99	100	97	103	103	97	105	70	39								60			163.80	163.10	167.70	170.90	172.70	182.20	180.00	179.40	181.80	183.30	188.40	186.50	189.30	204.40	211.20								174.30		
82	25	04	03	17	58	02	53		25	14	13	18	2	6	2	-6	-5	-2	-27	-13	-20	1	-118								-6			-77	-79	-72	-76	-82	-85	-84	-91	-78	-83	-88	-71	-77	-55	-92								38			2	4	2	2	1	2	5	5	3	2	4	3	3	3	23								-18			6	-1	-1	0	2	-2	-3	8	-2	7	3	2	4	-1												81	80	73	78	82	85	84	91	78	83	92	72	80	55	150								38			162.00	170.00	169.80	166.70	178.60	176.00	178.60	183.80	183.70	181.40	197.10	190.40	194.60	179.00	232.10								351.00		
83	25	04	03	18	18	02	53		11	22	13	6	3	-3	-4	-10	-11	-14	-16	-23	-21	-27	121								-85			-84	-78	-86	-83	-82	-90	-93	-73	-80	-81	-82	-85	-74	-71	-135								68			1	0	1	2	0	1	3	0	2	1	1	1	3	1	-18								-32			2	-8	-4	0	10	0	-7	-4	0	1	-2	-5	-21	1												85	81	87	83	82	90	93	74	81	82	84	88	77	76	181								109			172.50	164.20	171.40	175.90	177.90	181.90	182.50	187.80	187.80	189.80	191.00	195.10	195.80	200.80	138.10								308.70		
84	25	04	03	18	38	02	53		0	3	4	1	8	-3	-11	-3	-10	-11	-13	-12	-11	-17	-175								-47			-97	-103	-96	-95	-97	-109	-105	-91	-97	-94	-93	-90	-90	-80	-24								9			3	1	3	2	5	3	4	4	3	4	5	3	3	5	-27								-7			-7	-4	3	1	2	-4	8	-9	2	3	0	-5	-5	-6												97	103	96	95	97	109	106	91	98	95	94	91	91	82	177								48			180.00	178.30	177.60	179.40	175.30	181.60	186.00	181.90	185.90	186.70	188.00	187.60	187.00	192.00	262.20								280.80		
85	25	04	03	18	58	02	53		-27	-34	-34	-22	-18	-15	-17	-14	-11	-13	-11	-13	-13	-13	-59								24			-97	-98	-100	-101	-107	-106	-96	-106	-110	-107	-98	-97	-85	-86	-63								-6			3	0	2	2	3	2	3	2	2	2	3	1	5	-3	0								1			6	-10	7	-3	4	10	8	-3	-10	8	-1	2	11	-15	-9											101	104	106	103	109	107	97	107	111	108	99	98	86	87	86								25			195.60	199.10	198.80	192.30	189.50	188.10	190.00	187.50	185.70	186.90	186.40	187.60	188.70	188.60	223.10								104.00		
86	25	04	03	19	18	02	53		-42	-49	-39	-26	-21	-20	-19	-14	-24	-17	-12	-29	-19	-7	-13								-25			-95	-82	-94	-104	-91	-104	-103	-104	-113	-109	-114	-101	-116	-100	-124								59			-1	1	1	1	4	5	8	5	8	7	2	7	7	1	8								-11			-2	3	-5	5	0	2	-2	5	0	5	2	0	-8	3												104	96	102	107	93	106	105	105	116	110	115	105	118	100	125								64			203.90	210.90	202.50	194.00	193.00	190.90	190.50	187.70	192.00	188.90	186.00	196.00	189.30	184.00	186.00								337.00		
87	25	04	03	19	38	02	53		-29	-41	-39	-45	-42	-35	-29	-25	-21	-19	-16	-24	-29	-4									-32			-101	-103	-98	-89	-101	-96	-98	-99	-102	-105	-105	-108	-106	-86									28			0	-1	0	0	1	0	3	0	-1	-1	0	1	-3	-3									2			-1	-3	-2	0	6	3	2	5	0	3	13	0	6	-63												105	111	105	100	109	102	102	102	104	107	106	111	110	86									43			196.00	201.70	201.70	206.80	202.60	200.00	196.50	194.20	191.60	190.30	188.70	192.50	195.30	182.70									311.20		
88	25	04	03	19	58	02	53		-32	-38	-47	-48	-47	-42	-30	-31	-18	-20	-12	-14	-27	24									-29			-88	-84	-86	-97	-88	-90	-84	-97	-100	-95	-101	-102	-105	-115									26			1	-1	-3	-1	0	-2	-1	0	-1	1	0	-3	-1	-2									-10			0	3	-3	4	-3	1	2	4	0	1	14	4	-19													94	92	98	108	100	99	89	102	102	97	102	103	108	117									39			200.00	204.30	208.70	206.30	208.10	205.00	199.70	197.70	190.20	191.90	186.80	187.80	194.40	168.20									311.90		
89	25	04	03	20	18	02	53		-23	-28	-25	-27	-24	-19	-21	-18	-13	-11	-19	-7	-25	6									25			-83	-85	-74	-71	-78	-80	-85	-83	-78	-84	-80	-80	-76	-27									-2			1	2	0	1	0	-1	1	1	1	1	1	1	0	4									1			4	1	3	4	3	8	-7	-1	-2	9	11	4	15													86	89	78	76	82	82	88	85	79	85	82	80	80	28									25			195.50	198.20	198.70	200.80	197.10	193.40	193.90	192.20	189.50	187.50	193.40	185.00	198.20	167.50									94.60		
90	25	04	03	20	38	02	53		-24	-21	-18	-25	-24	-22	-27	-15	-16	-26	-22	-26	-22	-13									-1			-72	-64	-70	-81	-76	-77	-78	-72	-73	-63	-72	-63	-72	-97									-29			3	3	3	4	3	5	5	3	3	4	3	3	0	-18									8			1	0	-6	1	5	6	3	8	5	-2	4	17	12													76	67	72	85	80	80	83	74	75	68	75	68	75	98									29			198.40	198.20	194.40	197.20	197.50	195.90	199.10	191.80	192.40	202.40	197.00	202.40	197.00	187.60									182.00		
91	25	04	03	20	58	02	53		-29	-29	-18	-23	-18	-16	-21	-20	-23	-22	-18	-25	-28	-188									1			-42	-49	-49	-54	-52	-54	-54	-46	-43	-43	-32	-42	-26	9									48			1	1	1	1	1	1	3	1	3	0	1	5	7	-5									-2			-1	-3	-2	-4	-2	-6	-1	-6	-2	4	-7	8	-2										23			51	57	52	59	55	56	58	50	49	48	37	49	38	188									48			214.60	210.60	200.20	203.10	199.10	196.50	201.30	203.50	208.10	207.10	209.40	210.80	227.10	272.70									1.20		
92	25	04	03	21	18	02	53		-25	-32	-26	-26	-24	-26	-17	-18	-9	-12	-28	-26	-25	3									-40			-25	-24	-28	-36	-30	-23	-21	-30	-23	-15	-17	-24	-9	-11									77			0	0	0	0	1	-1	0	0	-1	0	2	0	-2	1									-19			-3	-2	1	8	-2	0	-8	-4	2	1	-12	7	12										-6			35	40	38	44	38	35	27	35	25	19	33	35	27	11									87			225.00	233.10	222.90	215.80	218.70	228.50	219.00	211.00	201.40	218.70	238.70	227.30	250.20	164.70									332.50		
93	25	04	03	21	38	02	53		-27	-23	-16	-30	-25	-19	-24	-17	-11	-23	-15	-4	4	-98									-54			-2	-12	-12	-14	-5	-9	-22	-23	-14	-17	-9	-19	-11	-176									73			-1	-1	1	0	1	0	2	0	-2	-1	2	0	-1	-12									-21			-4	1	3	0	-1	7	-2	1	-8	2	-10	2	-1										-21			27	26	20	33	25	21	33	29	18	29	17	19	12	201									91			265.80	242.40	233.10	245.00	258.70	244.70	227.50	216.50	218.20	233.50	239.00	191.90	160.00	209.10									323.50		
94	25	04	03	21	58	02	53		-19	-23	-29	-21	-24	-30	-25	-21	-21	-13	-24	-31	-14										-5			-5	0	-1	-6	-8	0	-3	-10	-11	4	10	2	-5										52			0	1	1	1	1	3	1	1	0	1	1	-2	-12										1			1	-4	9	2	2	-6	-2	2	5	-2	1	2	-63										20			20	23	29	22	25	30	25	23	24	14	26	31	15										52			255.30	270.00	268.00	254.10	251.60	270.00	263.20	244.50	242.40	287.10	292.60	273.70	250.30										354.50		
95	25	04	03	22	18	02	53		-20	-16	-18	-17	-33	-20	-26	-21	-17	-25	-23	-23	-12										16			16	14	21	5	14	15	14	21	12	10	22	11	-29										-5			2	-3	-2	-1	-1	-1	-1	2	1	2	-2	3	-5										13			7	5	-1	3	1	-3	4	-2	-3	1	3	0	42													26	21	28	18	36	25	30	30	21	27	32	25	31										17			308.70	311.20	319.40	286.40	293.00	306.90	298.30	315.00	305.20	291.80	313.70	295.60	202.50										107.40		
96	25	04	03	22	38	02	53		-25	-31	-29	-28	-24	-22	-17	-23	-10	-28	-21	-4	12	-44									25			18	18	15	14	28	20	19	23	14	13	13	18	3	-178									9			-1	1	0	3	2	2	3	2	1	1	3	1	-2	12									-5			0	-1	-1	-9	-5	-2	6	-2	-3	6	-4	0	-10													31	36	33	31	37	30	25	33	17	31	25	18	12	183									27			305.80	300.10	297.30	296.60	319.40	312.30	318.20	315.00	324.50	294.90	301.80	347.50	76.00	193.90									70.20		
97	25	04	03	22	58	02	53		-28	-28	-24	-19	-16	-18	-25	-20	-26	-24	-20	-26	-14	-26									2			18	11	5	11	11	10	11	7	21	20	18	12	31	-134									49			1	1	0	2	1	1	2	0	1	2	1	1	-1	-7									-3			4	0	0	0	-4	-2	-7	-5	0	-1	4	4	0													33	30	25	22	19	21	27	21	33	31	27	29	34	136									49			302.70	291.40	281.80	300.10	304.50	299.10	293.70	289.30	308.90	309.80	312.00	294.80	335.70	191.00									2.30		
98	25	04	03	23	18	02	53		-15	-18	-29	-18	-17	-19	-21	-24	-15	-18	-11	-24	-18	-11									-53			8	20	-3	8	8	5	11	10	13	9	12	6	1	2									73			0	0	-1	0	0	1	1	1	3	1	0	2	-10	11									-15			-8	0	-5	-5	3	-1	-3	-3	-3	-1	-3	-8	20													17	27	29	20	19	20	24	26	20	20	16	25	18	11									90			298.10	318.00	264.10	294.00	295.20	284.70	297.60	292.60	310.90	296.60	317.50	284.00	273.20	280.30									324.00		
99	25	04	03	23	38	02	53		-15	-20	-13	-21	-26	-22	-30	-33	-31	-25	-33	-35	-9	-3									-39			0	-2	3	4	5	9	4	7	8	6	-1	5	23	14									7			-1	0	0	0	1	0	-1	2	0	1	-1	1	0	4									1			-10	-1	-3	1	-8	-1	6	-1	8	-4	-8	-3	-8													15	20	13	21	26	24	30	34	32	26	33	35	25	14									40			270.00	264.30	283.00	280.80	280.90	292.20	277.60	282.00	284.50	283.50	268.30	278.10	338.60	347.90									280.20		
100	25	04	03	23	58	02	53		-17	-20	-29	-25	-26	-33	-35	-23	-23	-28	-33	-23	-33	35									0			-13	-10	1	-7	-6	-4	-5	-10	-6	-4	7	4	2	75									-14			0	0	2	0	-1	1	0	-1	0	2	1	-1	-3	5									16			-8	1	2	2	2	-3	-2	-1	1	-6	-5	-7	10													21	22	29	26	27	33	35	25	24	28	34	23	33	83									14			232.60	243.40	272.00	254.40	257.00	263.10	261.90	246.50	255.40	261.90	282.00	279.90	273.50	25.00									180.00		
101	25	04	04	00	18	02	53		-24	-30	-39	-34	-30	-30	-37	-29	-37	-20	-31	-35	-27	6									17			-11	-16	-7	-5	-8	-8	-7	-10	-2	-7	9	23	25	13									14			4	2	3	3	3	2	2	3	1	1	3	3	0	-13									3			0	-2	7	-3	3	-5	4	-3	8	6	-6	8	-9													26	34	40	34	31	31	38	31	37	21	32	42	37	14									22			245.40	241.90	259.80	261.60	255.10	255.10	259.30	251.00	266.90	250.70	286.20	303.30	312.80	24.80									50.50		
102	25	04	04	00	38	02	53		-12	-29	-29	-35	-26	-35	-23	-22	-31	-31	-12	-25	-27	-34									-59			-4	6	-2	2	9	3	6	8	13	13	23	31	13	43									100			1	1	1	0	1	2	0	1	0	0	0	-3	-2	-11									-33			5	-4	-1	-5	5	-2	4	1	0	-1	-5	-6	-23													13	30	29	35	28	35	24	23	34	34	26	40	30	55									116			251.60	281.70	266.10	273.30	289.10	274.90	284.60	290.00	292.80	292.80	332.40	321.10	295.70	321.70									329.50		
103	25	04	04	00	58	02	53		-15	-26	-19	-17	-20	-25	-20	-12	-8	-19	8	-13	11	-37									-29			-11	8	6	4	8	3	9	15	26	19	25	12	35	54									44			-4	-4	-5	-4	-5	-5	-4	-5	-4	-2	-5	-4	-4	-17									-11			7	1	3	5	9	9	-2	5	-11	3	11	-3	-17													19	27	20	17	22	25	22	19	27	27	26	18	37	65									53			233.70	287.10	287.50	283.20	291.80	276.80	294.20	321.30	342.90	315.00	17.70	312.70	17.40	325.60									326.60		
104	25	04	04	01	18	02	53		-23	-26	-29	-26	-17	-34	-29	-23	-18	-28	-12	-14	-12	-29									33			-6	0	3	14	14	9	15	13	18	24	27	41	31	-54									-27			-3	-5	-5	-6	-8	-7	-9	-9	-10	-7	-6	-2	1	-6									0			-8	4	2	10	-4	4	8	-3	10	-3	4	5	-27													24	26	29	30	22	35	33	26	25	37	30	43	33	61									43			255.40	270.00	275.90	298.30	309.50	284.80	297.30	299.50	315.00	310.60	336.00	341.10	338.80	208.20									129.30		
105	25	04	04	01	38	02	53		-24	-15	-14	-21	-13	-15	-28	-22	-23	-21	-8	0	13	3									37			-3	5	15	13	20	25	28	28	31	41	48	32	19	-2									57			-4	-3	-1	-6	-7	-10	-8	-8	-7	-4	-4	-4	-4	-13									-11			-10	4	-5	-4	6	1	4	1	1	-4	1	-4	-9	-89												24	16	21	25	24	29	40	36	39	46	49	32	23	4									68			262.90	288.40	317.00	301.80	327.00	329.00	315.00	321.80	323.40	332.90	350.50	0.00	34.40	123.70									33.00		
106	25	04	04	01	58	02	53		-26	-23	-17	-12	-14	-11	-14	-21	-13	-7	-13	-2	8	40									-56	-52	-36	13	17	28	22	16	32	34	39	43	29	43	37	35	-36									94	-14	19	0	1	1	0	-1	-3	-3	-5	-5	0	-3	-1	-4	13									-34	12	22	4	-3	2	-2	3	1	10	0	0	-12	0	12	13													29	29	33	25	21	34	37	44	45	30	45	37	36	54									109	54	41	296.60	306.50	328.70	331.40	318.80	341.00	337.60	331.70	343.20	346.40	343.20	356.90	12.90	132.00									329.20	254.90	297.80
107	25	04	04	02	18	02	53		-17	-11	-13	-24	-37	-34	-31	-30	-19	-17	-18	-1	14	-83										-19	-21	20	20	14	22	15	24	35	42	43	22	29	41	34	24										23	-158	-2	-4	-5	-8	-8	-8	-7	-6	-1	-3	-1	-2	5	-14										7	-32	-2	-1	1	0	-10	-1	-6	-12	8	-10	9	0	3	43												26	23	19	33	40	42	47	52	47	28	34	41	37	86										30	159	319.60	331.20	317.10	312.50	292.10	305.20	318.50	324.50	336.20	322.30	328.20	358.60	22.40	286.10										320.40	187.60
108	25	04	04	02	38	02	53		-19	-8	-18	-20	-32	-25	-21	4	0	-7	9	2	5	114										-53		-4	4	6	10	4	14	12	10	4	14	13	24	24	-42										29		-1	-3	-2	-2	-2	-4	-3	-3	-1	1	2	3	0	-14										17		1	4	-1	-3	-1	-8	-4	-8	-7	-8	-1	4	13													19	9	19	22	32	29	24	11	4	16	16	24	25	121										60		258.10	296.60	288.40	296.60	277.10	299.20	299.70	21.80	0.00	333.40	34.70	4.80	11.80	110.20										298.70	
109	25	04	04	02	58	02	53		0	-1	0	-16	-24	-24	-10	-4	2	-5	5	0	0	-59										-61		-15	-2	6	4	8	22	10	13	12	8	13	7	28	28										87		0	3	2	1	1	1	1	-1	-2	-1	-1	-2	1	1										15		0	-2	0	0	3	-1	-1	3	-19	-12	-10	6	16													15	2	6	16	25	33	14	14	12	9	14	7	28	65										106		180.00	206.60	0.00	284.00	288.40	312.50	315.00	342.90	9.50	328.00	21.00	0.00	0.00	295.40										325.00	
110	25	04	04	03	18	02	53		-12	-2	-7	-21	-14	-12	0	-6	-2	-9	-2	-3	-14											13		-10	1	4	1	8	12	4	11	14	-5	1	-7	0											-23		1	1	0	0	-1	2	0	0	2	3	0	1	0											-16		-2	-4	-2	-7	0	3	7	-1	9	-11	9	-2	-14													16	2	8	21	16	17	4	13	14	10	2	8	14											26		230.20	296.60	299.70	272.70	299.70	315.00	0.00	331.40	351.90	240.90	296.60	203.20	270.00											150.50	
111	25	04	04	03	38	02	53		-3	-9	2	4	6	0	-3	5	5	1	-1	9	3	-52										6		-32	-25	-8	-18	-15	-15	-16	-2	-16	-22	-15	-30	-22	80										-16		0	0	-1	0	2	-1	1	1	0	2	0	4	1	4										-13		9	-8	-5	11	-6	-3	-2	-10	13	0	15	3	-10													32	27	8	18	16	15	16	5	17	22	15	31	22	95										17		185.40	199.80	166.00	167.50	158.20	180.00	190.60	111.80	162.60	177.40	183.80	163.30	172.20	327.00										159.40	
112	25	04	04	03	58	02	53		-16	-3	-12	-10	-13	-17	-12	-6	2	-5	-1	-1	3	4										3		-44	-40	-40	-27	-37	-23	-27	-26	-29	-29	-28	-28	-29	-36										-36		1	1	1	1	2	0	1	3	2	3	1	1	5	-39										-17		-1	5	1	-5	-6	-7	5	-7	-1	5	11	-1	5													47	40	42	29	39	29	30	27	29	29	28	28	29	36										36		200.00	184.30	196.70	200.30	199.40	216.50	204.00	193.00	176.10	189.80	182.00	182.00	174.10	173.70										175.20	
113	25	04	04	04	18	02	53		-6	-4	-9	-10	-3	-2	-6	-7	-2	-12	-3	-14	8	-34										-33		-55	-46	-42	-36	-39	-38	-46	-46	-44	-43	-49	-50	-54	-55										55		2	5	5	5	4	3	4	4	3	4	3	4	-2	4										-12		7	3	-5	7	-7	6	-1	6	8	4	5	2	-8													55	46	43	37	39	38	46	47	44	45	49	52	55	65										64		186.20	185.00	192.10	195.50	184.40	183.00	187.40	188.70	182.60	195.60	183.50	195.60	171.60	211.70										329.00	
114	25	04	04	04	38	02	53		-9	-3	-5	2	6	1	2	8	2	-2	-11	-2	3	13										-57	11	-55	-47	-52	-51	-51	-48	-51	-51	-60	-49	-62	-66	-54	-97										72	53	2	2	3	2	2	2	2	4	3	2	4	3	5	-4										22	22	3	-7	-2	6	1	0	0	-5	0	4	-2	-6	-12													56	47	52	51	51	48	51	52	60	49	63	66	54	98										92	54	189.30	183.70	185.50	177.80	173.30	178.80	177.80	171.10	178.10	182.30	190.10	181.70	176.80	172.40										321.60	11.70
115	25	04	04	04	58	02	53		3	5	4	2	1	-8	-5	-10	7	2	-2	-2	-12	48										-27	3	-78	-71	-69	-72	-71	-56	-58	-59	-55	-53	-67	-65	-66	-41										31	26	3	2	3	2	1	4	0	0	-2	0	3	2	1	20										17	31	2	4	1	2	1	3	1	5	1	13	-10	3	10													78	71	69	72	71	57	58	60	55	53	67	65	67	63										41	26	177.80	176.00	176.70	178.40	179.20	188.10	184.90	189.60	172.70	177.80	181.70	181.80	190.30	130.50										318.90	6.60
116	25	04	04	05	18	02	53		-6	-3	-1	5	-1	-7	-4	5	-4	4	1	-7	20	-7										-12	5	-68	-76	-80	-89	-84	-86	-67	-55	-63	-54	-67	-59	-79	-74										20	26	-1	3	2	4	2	2	6	2	3	4	7	5	1	5										6	42	-3	-2	1	3	1	-5	-8	-10	-10	1	-3	-2	1													68	76	80	89	84	86	67	55	63	54	67	59	81	74										23	26	185.00	182.30	180.70	176.80	180.70	184.70	183.40	174.80	183.60	175.80	179.10	186.80	165.80	185.40										329.00	10.90
117	25	04	04	05	38	02	53		-16	-8	-8	-1	3	-2	0	20	1	6	-6	13	31										9	-80	-2	-66	-66	-71	-68	-67	-67	-60	-65	-65	-60	-66	-58	-72										25	-32	56	1	1	2	1	0	2	4	3	2	1	2	-1	4										2	-1	18	-8	-5	-1	4	5	7	-1	7	0	4	-1	10	0													68	66	71	68	67	67	60	68	65	60	66	59	78										27	86	56	193.60	186.90	186.40	180.80	177.40	181.70	180.00	162.90	179.10	174.30	185.20	167.40	156.70										19.80	248.20	358.00
118	25	04	04	05	58	02	53		-9	-3	-1	4	4	2	-7	6	-3	5	-4	-1	-8	-75									-27	-11	37	-63	-72	-81	-85	-81	-72	-70	-73	-78	-77	-69	-57	-73	8									71	30	-42	0	0	0	0	0	0	0	0	2	2	0	1	6	9									-10	4	-2	11	-2	8	4	4	5	-1	1	-5	4	8	-12	-2													64	72	81	85	81	72	70	73	78	77	69	57	73	75									76	32	56	188.10	182.40	180.70	177.30	177.20	178.40	185.70	175.30	182.20	176.30	183.30	181.00	186.30	276.10									339.20	339.90	138.60
119	25	04	04	06	18	02	53		-14	-6	-5	-6	6	7	8	9	5	-2	2	10	-1	-33									-15			-65	-70	-71	-77	-75	-79	-82	-76	-61	-70	-72	-71	-74	-47									27			2	-1	1	1	2	2	3	1	2	1	0	4	0	-2									-9			-2	-1	-4	7	-3	-1	-6	-3	6	-1	1	-1	7													66	70	71	77	75	79	82	77	61	70	72	72	74	57									31			192.20	184.90	184.00	184.50	175.40	174.90	174.40	173.20	175.30	181.60	178.40	172.00	180.80	215.10									330.90		
120	25	04	04	06	38	02	53		-3	-12	-9	-5	4	6	-5	-9	-2	-6	2	-9	3	0									-5		-152	-61	-74	-76	-81	-73	-89	-76	-72	-72	-72	-65	-60	-69	-3									33		9	1	0	0	-1	0	-1	0	2	0	0	0	0	0	6									-17		-14	-6	-7	-3	-3	4	5	2	-12	-2	0	2	1	22													61	75	77	81	73	89	76	73	72	72	65	61	69	3									33		152	182.80	189.20	186.80	183.50	176.90	176.10	183.80	187.10	181.60	184.80	178.20	188.50	177.50	180.00									351.40		273.40
121	25	04	04	06	58	02	53		-3	0	-3	-8	-2	2	2	9	-10	2	-5	1	-3	-23									-21			-68	-84	-78	-79	-78	-96	-90	-84	-93	-87	-73	-71	-65	-96									29			0	0	0	0	0	0	0	0	0	1	0	0	0	5									-4			4	8	1	5	3	1	-5	-1	-9	-5	-8	-6	9	-54												68	84	78	79	78	96	90	84	94	87	73	71	65	99									36			182.50	180.00	182.20	185.80	181.50	178.80	178.70	173.90	186.10	178.70	183.90	179.20	182.60	193.50									324.10		
122	25	04	04	07	18	02	53		8	0	5	-8	1	0	4	1	-1	-3	-15	-17	-6	-17									-67			-99	-97	-98	-95	-102	-98	-98	-104	-86	-79	-90	-82	-82	-32									89			1	1	1	3	5	3	4	2	2	2	7	7	2	1									-20			-3	2	-4	1	-1	8	6	5	4	2	9	1	-14	-3												99	97	98	95	102	98	98	104	86	79	91	84	82	36									111			175.40	180.00	177.10	184.80	179.40	180.00	177.70	179.40	180.70	182.20	189.50	191.70	184.20	208.00									323.00		
123	25	04	04	07	38	02	53		3	-1	2	16	6	-5	-6	-4	-5	-7	-12	-5	-6	-6									6			-96	-96	-97	-98	-95	-96	-96	-93	-98	-96	-101	-67	-74	-31									-22			2	1	2	2	4	3	5	4	2	7	5	7	6	7									2			-5	2	5	0	4	3	3	-4	1	-6	2	-7	26	-116												96	96	97	99	95	96	96	93	98	96	102	67	74	32									23			178.20	180.60	178.80	170.70	176.40	183.00	183.60	182.50	182.90	184.20	186.80	184.30	184.60	191.00									164.70		
124	25	04	04	07	58	02	53		1	7	-5	7	-5	3	-15	-3	-6	-8	-11	-8	-27	-31	-25								-27			-90	-91	-94	-96	-96	-100	-86	-85	-87	-85	-82	-75	-60	-65	-17								12			1	1	1	2	1	1	3	4	4	3	8	7	1	4	-10								-9			-2	0	1	0	0	0	0	8	2	-9	7	0	5	-17												90	91	94	96	96	100	87	85	87	85	83	75	66	72	30								30			179.40	175.60	183.00	175.80	183.00	178.30	189.90	182.00	183.90	185.40	187.60	186.10	204.20	205.50	235.80								294.00		
125	25	04	04	08	18	02	53		-3	-2	-3	-2	-6	-12	-9	-9	-2	-8	-3	-17	-23	51									-55			-99	-102	-104	-106	-105	-108	-110	-113	-103	-95	-107	-75	-86	-16									21			2	1	3	3	6	4	5	6	5	4	7	5	4	1									-10			13	2	2	-9	3	2	4	7	2	5	1	0	5													99	102	104	106	105	109	110	113	103	95	107	77	89	53									59			181.70	181.10	181.70	181.10	183.30	186.30	184.70	184.60	181.10	184.80	181.60	192.80	195.00	107.40									290.90		
126	25	04	04	08	38	02	53		-10	-17	-17	-21	-27	-14	-15	-9	-12	-24	-28	-25	-22	-13									23			-90	-96	-109	-114	-107	-114	-102	-104	-107	-101	-100	-96	-71	-59									-18			0	2	4	1	4	6	3	6	2	6	3	4	6	1									9			-1	4	-5	4	-1	-11	11	0	-4	9	3	-2	7	88												91	97	110	116	110	115	103	104	108	104	104	99	74	60									29			186.30	190.00	188.90	190.40	194.20	187.00	188.40	184.90	186.40	193.40	195.60	194.60	197.20	192.40									128.00		
127	25	04	04	08	58	02	53		-7	-18	-11	-17	-4	-18	-16	-15	-6	-2	-18	-18	-29	-4									-11			-87	-84	-91	-93	-87	-85	-89	-82	-78	-86	-89	-87	-73	-41									60			2	2	1	2	3	4	4	5	3	4	4	3	3	1									-13			3	3	-7	-7	-2	6	3	-3	-6	3	-2	-18	3	18												87	86	92	95	87	87	90	83	78	86	91	89	79	41									61			184.60	192.10	186.90	190.40	182.60	192.00	190.20	190.40	184.40	181.30	191.40	191.70	201.70	185.60									349.60		
128	25	04	04	09	18	02	53		-10	-16	-16	-12	-17	-16	-21	-13	-13	-19	-15	-26	-13	96									-81			-79	-70	-83	-78	-81	-78	-80	-78	-82	-62	-54	-63	-43	-37									138			4	4	4	4	4	6	7	4	5	4	4	6	4	11									-23			5	-2	-5	1	-4	0	-7	-1	-5	-2	-1	9	-15										-46			80	72	85	79	83	80	83	79	83	65	56	68	45	103									160			187.20	192.90	190.90	188.70	191.90	191.60	194.70	189.50	189.00	197.00	195.50	202.40	196.80	111.10									329.60		
129	25	04	04	09	38	02	53		-23	-28	-25	-21	-20	-25	-18	-28	-40	-29	-23	-17	0	15								130	-37			-59	-67	-66	-63	-51	-61	-60	-56	-50	-46	-40	-28	-11	-46								107	-1			0	3	2	2	4	4	2	2	2	3	3	2	-2	7								-63	-14			4	-5	6	-9	4	1	5	3	5	-6	2	2	-8	-26												63	73	71	66	55	66	63	63	64	54	46	33	11	48								168	37			201.30	202.70	200.70	198.40	201.40	202.30	196.70	206.60	218.70	212.20	209.90	211.30	180.00	161.90								50.50	268.50		
130	25	04	04	09	58	02	53		-26	-25	-27	-23	-25	-20	-21	-19	-32	-35	-29	-18	-23	-11				40	68				-18			-41	-45	-42	-51	-39	-42	-33	-41	-21	-18	-9	-11	-17	-23				36	71				-44			0	-1	0	1	0	2	2	1	-1	0	-1	0	-1	4				-8	-16				-8			8	2	-4	2	2	-4	11	2	-4	-5	-8	0	4	40												49	51	50	56	46	47	39	45	38	39	30	21	29	25				54	98				48			212.40	209.10	212.70	204.30	212.70	205.50	212.50	204.90	236.70	242.80	252.80	238.60	233.50	205.60				48.00	43.80				202.20		
131	25	04	04	10	18	02	53		-22	-15	-21	-22	-24	-31	-37	-30	-29	-26	-32	-21	-17	16									-41			-41	-46	-41	-48	-31	-25	-15	-11	-12	-15	-2	-10	14	-25									21			1	0	1	-2	0	-2	-2	-1	-3	-1	-1	-3	0	-12									-10			0	2	-3	0	1	2	-2	-1	-2	-1	-4	0	-17	34												47	48	46	53	39	40	40	32	31	30	32	23	22	30									46			208.20	198.10	207.10	204.60	217.70	231.10	247.90	249.90	247.50	240.00	266.40	244.50	309.50	147.40									297.10		
132	25	04	04	10	38	02	53		-19	-29	-32	-20	-26	-18	-32	-27	-15	-14	-22	-6	-25	-25									-76			-34	-23	-28	-22	-24	-15	-12	-22	1	-15	-4	5	-4	-21									148			-1	-1	-1	-1	-1	-2	-1	-1	0	-1	2	-1	-1	3									-21			1	0	0	0	0	-6	-1	2	8	0	-5	-6	1	41												39	37	43	30	35	23	34	35	15	21	22	8	25	33									166			209.20	231.60	228.80	222.30	227.30	230.20	249.40	230.80	273.80	223.00	259.70	309.80	260.90	230.00									332.80		
133	25	04	04	10	58	02	53		-30	-28	-30	-42	-37	-32	-27	-14	-15	-3	-9	-1	-8	-25									-26			-27	-27	-28	-19	-11	-6	1	-5	8	6	-1	13	15	37									102			0	-1	-2	-1	-1	1	-1	0	2	3	1	2	3	3									-18			4	15	0	-4	1	-3	4	3	-1	3	-2	-1	-5	-51												40	39	41	46	39	33	27	15	17	7	9	13	17	45									105			228.00	226.00	227.00	245.70	253.40	259.40	272.10	250.30	298.10	333.40	263.70	355.60	331.90	326.00									345.70		
134	25	04	04	11	18	02	53		-33	-39	-47	-41	-37	-33	-24	-20	-17	-15	-11	-12	7	-6									0			-29	-21	-27	-19	-11	-4	-2	0	6	11	11	3	7	20									29			1	-1	1	1	2	4	2	1	4	1	1	4	6	1									-9			1	6	1	1	7	1	-3	2	-2	3	-7	13	-13	-40												44	44	54	45	39	33	24	20	18	19	16	12	10	21									29			228.70	241.70	240.10	245.10	253.40	263.10	265.20	270.00	289.40	306.30	315.00	284.00	45.00	343.30									0.00		
135	25	04	04	11	38	02	53		-42	-36	-37	-42	-32	-24	-14	-17	-1	-8	-13	-8	-19	2	56							214	27			-31	-36	-29	-28	-23	-25	-4	-6	0	-2	1	9	6	16	22							50	-29			2	1	4	2	2	2	3	2	0	2	0	2	0	2	15							-49	2			3	8	-11	0	-5	-1	-3	3	8	8	-1	0	10	-27												52	51	47	50	39	35	15	18	1	8	13	12	20	16	60							220	40			233.60	225.00	231.90	236.30	234.30	223.80	254.10	250.60	270.00	256.00	274.40	318.40	287.50	7.10	68.60							76.80	137.00		
136	25	04	04	11	58	02	53		-33	-35	-35	-33	-31	-31	-26	-21	-17	-13	-15	-7	-12	-14	22							46	-17			-35	-34	-30	-21	-21	-10	-4	-4	7	-3	16	3	31	25	9							-10	30			-1	-1	0	1	1	0	1	-1	-1	0	0	-1	-2	-2	-5							-14	6			-2	-3	-2	-2	0	2	-4	-2	-2	-5	-6	-5	24	6								-71				48	49	46	39	37	33	26	21	18	13	22	8	33	29	24							47	34			223.30	225.80	229.40	237.50	235.90	252.10	261.30	259.20	292.40	257.00	316.80	293.20	338.80	330.80	67.80							102.30	330.50		
137	25	04	04	12	18	02	53		-51	-39	-43	-41	-34	-26	-21	-35	-21	-26	-10	-6	12	4	-19	-142							-32			-25	-28	-22	-14	-8	-2	10	11	14	23	12	13	4	-8	-3	57							56			0	1	0	-1	0	0	0	-1	0	-1	0	0	-1	-2	8	7							-3			10	-6	-5	-3	5	1	3	13	1	-15	-11	-2	7	9	46											57	48	48	43	35	26	23	37	25	35	16	14	13	9	19	153							64			243.90	234.30	242.90	251.10	256.80	265.60	295.50	287.40	303.70	311.50	320.20	335.20	71.60	153.40	261.00	291.90							330.30		
138	25	04	04	12	38	02	53		-46	-36	-30	-29	-25	-26	-17	-7	-7	-10	-11	-9	8	-21	-25						-15	-1	-69			-33	-22	-26	-16	-15	-12	-4	6	12	8	1	6	4	5	-4						14	-20	40			1	2	1	1	1	0	0	-2	-1	-1	-1	-2	0	-3	17						-4	-3	-15			-1	6	-1	-5	-5	5	-4	6	-1	0	-4	9	6	-16												57	42	40	33	29	29	17	9	14	13	11	11	9	22	25						21	20	80			234.30	238.60	229.10	241.10	239.00	245.20	256.80	310.60	329.70	308.70	275.20	303.70	63.40	283.40	260.90						313.00	182.90	300.10		
139	25	04	04	12	58	02	53		-51	-52	-40	-33	-32	-17	-23	-22	-16	-6	-9	-5	6	13	-11						-93		-47			-32	-24	-28	-23	-15	-10	-2	1	2	6	5	14	10	12	59						-3		5			2	4	1	1	3	2	1	1	-5	-2	-1	-1	0	0	3						1		-8			0	-4	-1	7	4	-3	3	-3	-11	10	1	-9	0	-13												60	57	49	40	35	20	23	22	16	8	10	15	12	18	60						93		47			237.90	245.20	235.00	235.10	244.90	239.50	265.00	272.60	277.10	315.00	299.10	340.30	31.00	47.30	349.40						268.20		276.10		
140	25	04	04	13	18	02	53		-43	-57	-39	-30	-34	-24	-21	-11	-7	-9	-3	-3	4	-2	-112							19	1			-27	-17	-19	-8	-5	-2	-2	1	2	12	13	-3	-13	-11	-13							2	17			1	3	1	1	1	0	-3	-3	-5	1	-3	-1	0	5	4							-6	-3			3	-1	-7	8	-3	3	12	-3	-2	8	0	-4	0	18												51	59	43	31	34	24	21	11	7	15	13	4	14	11	113							19	17			237.90	253.40	244.00	255.10	261.60	265.20	264.60	275.20	285.90	323.10	347.00	225.00	162.90	190.30	263.40							84.00	3.40		
141	25	04	04	13	38	02	53		-34	-41	-37	-34	-25	-17	-10	-10	-4	-10	-6	-7	-13	1	-8				39	-13	-10	10	38			-12	-3	7	16	22	25	28	28	23	24	8	22	5	17	-43				26	41	86	1	-47			1	-1	-1	-2	-3	-1	-1	-1	-1	2	-1	6	6	7	5				-12	2	12	-4	7			8	3	4	-4	-6	5	9	-6	14	14	0	-4	3	14					-38							36	41	38	38	33	30	30	30	23	26	10	23	14	17	44				47	43	87	10	60			250.60	265.80	280.70	295.20	311.30	325.80	340.30	340.30	350.10	337.40	323.10	342.30	291.00	3.40	190.50				56.30	342.40	353.40	84.30	141.00		
142	25	04	04	13	58	02	53		-45	-30	-28	-29	-14	-14	-26	-12	6	-3	-9	-8	15	5	28				-1	6	72	38	-34			0	13	15	20	17	24	22	8	13	9	16	17	13	3	2				35	31	34	-51	74			1	0	1	-1	-1	1	1	-2	0	-1	0	0	1	6	15				2	3	-13	-15	-15			-5	10	-8	-1	5	-1	-2	-4	-6	1	2	3	2	0	21											45	33	32	35	22	28	34	14	14	9	18	19	20	6	28				35	32	80	64	81			270.00	293.40	298.20	304.60	320.50	329.70	310.20	303.70	24.80	341.60	330.60	334.80	49.10	59.00	85.90				358.40	11.00	64.70	143.30	335.30		
143	25	04	04	14	18	02	53		-26	-16	-7	-9	1	-2	0	5	-1	10	5	-5	4	-7	103								-58			14	26	37	31	23	20	24	22	14	28	24	19	6	11	-6								55			-3	-3	-1	1	0	2	0	2	1	2	4	2	5	6	15								-18			-6	-2	1	3	-1	7	6	5	-5	-1	-1	-1	-2	-13												30	31	38	32	23	20	24	23	14	30	25	20	7	13	103								80			298.30	328.40	349.30	343.80	2.50	354.30	0.00	12.80	355.90	19.70	11.80	345.30	33.70	327.50	93.30								313.50		
144	25	04	04	14	38	02	53		-14	3	-6	6	6	14	22	1	13	5	13	2	15	-9	-29								-2		45	30	36	27	35	24	22	13	16	19	22	12	23	5	-4	-7								-41		70	0	1	1	-1	-1	0	0	0	0	-2	0	2	-1	2	7								20		30	6	-1	-5	1	5	3	12	1	-4	-1	-2	-8	9	-3	-64											33	36	28	36	25	26	26	16	23	23	18	23	16	10	30								41		83	335.00	4.80	347.50	9.70	14.00	32.50	59.40	3.60	34.40	12.80	47.30	5.00	71.60	246.00	256.40								182.80		32.70
145	25	04	04	14	58	02	53		1	5	18	14	14	15	10	5	9	8	8	3	-9	-5	-2								-39		-68	15	27	21	18	20	9	11	9	14	13	19	4	-2	13	0								-22		145	-1	0	0	0	0	0	1	2	-1	2	-1	0	0	1	7								6		50	1	1	-13	-4	4	5	1	-2	4	4	-2	0	13	-5	-18											15	27	28	23	24	17	15	10	17	15	21	5	9	14	2								45		160	3.80	10.50	40.60	37.90	35.00	59.00	42.30	29.10	32.70	31.60	22.80	36.90	257.50	339.00	270.00								240.60		334.90
146	25	04	04	15	18	02	53		-1	14	23	22	27	17	12	12	8	15	7	-3	11	8	17										-18	5	18	9	16	9	2	10	-4	3	14	4	14	0	-11	-12										71	1	2	1	1	1	0	1	0	1	2	-3	2	-4	-1	4										6	-4	-5	2	4	3	-1	-1	9	10	5	9	2	-5	-14												5	23	25	27	28	17	16	13	9	21	8	14	11	14	21										73	348.70	37.90	68.60	54.00	71.60	83.30	50.20	108.40	69.40	47.00	60.30	347.90	90.00	144.00	125.20										345.80
147	25	04	04	15	38	02	53		12	19	23	27	24	15	14	15	5	6	0	12	-2	3	9									-17	7	-3	2	-6	-3	-5	-2	-14	0	-2	-4	-2	-7	-10	-1	3									30	-88	0	0	0	0	1	4	0	0	1	1	0	-1	-2	0	13									10	-12	8	9	1	1	7	7	3	-2	-1	3	5	13	4	-1	111											12	19	24	27	25	15	20	15	5	7	2	14	10	3	9									34	88	104.00	84.00	104.60	96.30	101.80	97.60	135.00	90.00	111.80	123.70	180.00	120.30	191.30	108.40	71.60									330.50	175.50
148	25	04	04	15	58	02	53		26	14	16	19	6	0	-2	-2	-11	6	10	-3	19	-6	-40									-8	19	-21	-20	-22	-22	-21	-21	-22	-30	-23	-23	-31	-27	-27	-10	-15									136	-67	2	4	3	2	5	4	7	4	6	6	3	-1	-2	-1	5									25	16	8	-1	-3	0	-9	-2	-6	-6	-1	-4	2	-11	-3	14	-48											33	24	27	29	22	21	22	30	25	24	33	27	33	12	43									136	70	128.90	145.00	144.00	139.20	164.10	180.00	185.20	183.80	205.60	165.40	162.10	186.30	144.90	211.00	249.40									356.60	164.20
149	25	04	04	16	18	02	53		16	8	9	17	7	7	4	-7	-7	-18	-7	-10	-5	15	84								-25	-8	29	-33	-36	-38	-46	-38	-38	-36	-31	-38	-37	-28	-35	-29	-34	-12								123	64	-97	2	2	2	2	4	6	3	3	6	4	4	2	2	3	15								-25	19	2	-2	4	-1	-2	-10	8	5	-2	-2	6	11	8	1	-3	-52											37	37	39	49	39	39	36	32	39	41	29	36	29	37	85								126	64	101	154.10	167.50	166.70	159.70	169.60	169.60	173.70	192.70	190.40	205.90	194.00	195.90	189.80	156.20	98.10								348.50	352.90	163.40
150	25	04	04	16	38	02	53		14	21	20	10	7	7	4	-5	-7	-7	-16	-2	-11	3	-21									-16	22	-47	-34	-41	-40	-45	-35	-42	-48	-43	-47	-51	-56	-40	-36	-27									22	-72	2	4	2	5	3	3	3	3	1	2	2	3	1	3	0									14	0	2	-6	7	-3	5	4	3	3	3	1	6	8	9	7	7											49	40	46	41	46	36	42	48	44	48	53	56	41	36	34									27	75	163.40	148.30	154.00	166.00	171.20	168.70	174.60	185.90	189.20	188.50	197.40	182.00	195.40	175.20	217.90									324.00	163.00
151	25	04	04	16	58	02	53		18	9	8	4	-4	-16	-11	-6	-15	-16	-7	-9	-11	-1	-18									-19	-12	-41	-43	-41	-41	-41	-49	-38	-33	-40	-36	-34	-36	-39	-26	-45									-39	-67	3	1	1	1	1	1	2	3	3	5	3	6	5	7	8									-10	-16	-6	-1	0	-4	5	3	8	6	8	0	-5	19	6	-4	68											45	44	42	41	41	52	40	34	43	39	35	37	41	26	48									43	68	156.30	168.20	169.00	174.40	185.60	198.10	196.10	190.30	200.60	204.00	191.60	194.00	195.80	182.20	201.80									206.00	190.20
152	25	04	04	17	18	02	53		4	4	2	-4	-7	-23	-22	-30	-13	-17	-22	-12	-16	-39	-35										-78	-36	-42	-46	-45	-47	-40	-42	-31	-35	-28	-42	-43	-31	-32	65										-124	5	3	3	4	6	7	6	4	6	4	7	4	7	-1	6										-18	0	3	3	3	8	-2	6	1	4	1	1	-9	-11	4												36	42	46	45	48	46	47	43	37	33	47	45	35	50	74										146	173.70	174.60	177.50	185.10	188.50	209.90	207.60	224.10	200.40	211.30	207.60	195.60	207.30	230.60	331.70										212.20
153	25	04	04	17	38	02	53		-3	-11	-5	-8	-4	-15	-20	-19	-13	-20	-25	-18	-28	-22									-95		-161	-58	-53	-50	-48	-49	-52	-52	-45	-41	-50	-40	-43	-45	-51									64		-170	2	2	3	2	2	2	2	2	1	1	2	3	4	-5									-28		-48	-2	6	0	0	-3	0	2	5	8	4	7	14	1	29												58	54	50	49	49	54	56	49	43	54	47	47	53	56									115		234	183.00	191.70	185.70	189.50	184.70	196.10	201.00	202.90	197.60	201.80	212.00	202.70	211.90	203.30									304.00		223.40
154	25	04	04	17	58	02	53		-22	-24	-18	-20	-28	-23	-19	-27	-18	-9	-10	-19	-17	-5										-68	85	-23	-20	-39	-38	-37	-34	-37	-27	-33	-29	-22	-26	-19	-49										44	30	-1	-2	-1	-2	-1	1	0	1	0	-1	2	1	1	3										11	22	-2	-6	1	6	0	-6	-4	2	-10	-5	1	-3	5	-7												32	31	43	43	46	41	42	38	38	30	24	32	25	49										81	90	223.70	230.20	204.80	207.80	217.10	214.10	207.20	225.00	208.60	197.20	204.40	216.20	221.80	185.80										302.90	70.60
155	25	04	04	18	18	02	53		-31	-25	-23	-19	-18	-13	-18	-19	-16	-12	-23	-17	-20	-12									-39		17	-23	-23	-21	-23	-21	-31	-23	-24	-32	-21	-32	-37	-21	13									-39		47	0	0	0	0	0	0	0	1	0	4	3	2	0	2									9		6	10	1	5	6	3	5	2	9	6	-2	-7	8	15	-5												39	34	31	30	28	34	29	31	36	24	39	41	29	18									55		50	233.40	227.40	227.60	219.60	220.60	202.80	218.00	218.40	206.60	209.70	215.70	204.70	223.60	317.30									225.00		19.90
156	25	04	04	18	38	02	53		-46	-32	-23	-18	-22	-26	-28	-18	-14	-21	-17	-12	-17	-10	-105								-5			-51	-45	-41	-46	-38	-47	-33	-43	-33	-37	-37	-42	-53	-40	-215								8			2	1	1	1	1	1	3	1	3	1	3	1	0	0	1								-6			0	-2	-3	11	6	-5	1	-2	1	8	0	2	-9	-3												69	55	47	49	44	54	43	47	36	43	41	44	56	41	239								9			222.00	215.40	209.30	201.40	210.10	209.00	220.30	202.70	203.00	209.60	204.70	195.90	197.80	194.00	206.00								328.00		
157	25	04	04	18	58	02	53		-42	-24	-27	-24	-27	-7	-6	-27	-9	-14	-12	-13	-13	8									15			-42	-33	-40	-47	-40	-40	-41	-40	-40	-35	-46	-39	-36	-30									2			0	0	0	0	0	0	2	2	2	4	3	3	4	8									-2			-9	-6	-2	3	4	2	0	0	0	-1	-5	0	-6	11												59	41	48	53	48	41	41	48	41	38	48	41	38	31									15			225.00	216.00	214.00	207.10	214.00	189.90	188.30	214.00	192.70	201.80	194.60	198.40	199.90	165.10									82.40		
158	25	04	04	19	18	02	53		-37	-28	-23	-13	-15	-12	-7	-8	-14	-9	-9	-3	-4	-7									-16			-43	-44	-40	-37	-39	-37	-33	-37	-39	-40	-40	-40	-42	-44									61			1	0	0	0	0	2	3	1	0	0	1	1	4	-2									-20			2	-3	6	3	2	-5	5	6	9	-3	5	8	7	-7												57	52	46	39	42	39	34	38	41	41	41	40	42	45									63			220.70	212.50	209.90	199.40	201.00	198.00	192.00	192.20	199.70	192.70	192.70	184.30	185.40	189.00									345.30		
159	25	04	04	19	38	02	53		-35	-35	-23	-20	-9	-6	-8	-15	-6	-6	-17	-4	-5	-3									51			-47	-45	-51	-43	-46	-47	-54	-45	-50	-66	-59	-46	-49	-56									42			-2	-1	0	0	2	2	0	3	2	3	0	2	4	4									-20			-3	-8	9	5	-2	-1	8	7	3	2	8	0	4	-31												59	57	56	47	47	47	55	47	50	66	61	46	49	56									66			216.70	217.90	204.30	204.90	191.10	187.30	188.40	198.40	186.80	185.20	196.10	185.00	185.80	183.10									50.50		
160	25	04	04	19	58	02	53		-40	-30	-25	-19	-8	-15	-9	-5	-1	-3	-6	-7	-1	-12									-1			-66	-60	-56	-64	-71	-66	-62	-67	-70	-70	-67	-63	-70	-75									2			2	2	4	2	2	2	3	2	0	2	2	2	2	-5									7			-7	4	5	5	2	2	8	7	5	-3	2	4	1	-24												77	67	61	67	71	68	63	67	70	70	67	63	70	76									2			211.20	206.60	204.10	196.50	186.40	192.80	188.30	184.30	180.80	182.50	185.10	186.30	180.80	189.10									333.40		
161	25	04	04	20	18	02	53		-36	-28	-30	-22	-15	-17	-12	-6	-13	-5	-13	-11	-5	-5									-38			-54	-46	-63	-61	-68	-69	-69	-67	-72	-70	-78	-70	-74	-56									35			2	1	1	3	-1	-1	0	1	1	1	2	1	5	-4									-6			-6	-6	1	3	2	4	6	12	4	11	3	-13	13	-123												65	54	70	65	70	71	70	67	73	70	79	71	74	56									52			213.70	211.30	205.50	199.80	192.40	193.80	189.90	185.10	190.20	184.10	189.50	188.90	183.90	185.10									312.60		
162	25	04	04	20	38	02	53		-10	-12	-15	-16	-23	-18	-13	-26	-15	-22	-16	-20	-9	-5									-19			-70	-75	-67	-65	-61	-51	-67	-60	-61	-67	-71	-61	-90	-61									4			0	-1	-1	-1	-2	-3	-5	-2	0	-1	2	2	0	4									-3			-5	1	9	2	4	2	1	2	1	7	1	-3	14	-9												71	76	69	67	65	54	68	65	63	71	73	64	90	61									19			188.10	189.10	192.60	193.80	200.70	199.40	191.00	203.40	193.80	198.20	192.70	198.20	185.70	184.70									281.90		
163	25	04	04	20	58	02	53		-3	-3	-18	-13	-18	-14	-17	-19	-2	-11	-12	-8	-16	-43									-31			-77	-68	-70	-70	-68	-72	-70	-71	-70	-70	-70	-65	-71	-85									30			1	1	1	1	1	3	4	4	3	3	3	3	3	-4									-13			-2	0	-1	5	-1	3	11	9	-2	1	9	5	8	31												77	68	72	71	70	73	72	73	70	71	71	65	73	95									43			182.20	182.50	194.40	190.50	194.80	191.00	193.70	195.00	181.60	188.90	189.70	187.00	192.70	206.80									314.10		
164	25	04	04	21	18	02	53		-4	-6	-2	-6	-15	-18	-15	-10	-18	-21	-17	-27	-23	-27									-61			-66	-46	-47	-47	-42	-38	-44	-49	-48	-46	-52	-68	-49	-202									46			2	2	2	2	3	2	2	2	2	4	4	2	0	15									-10			0	4	10	7	5	4	-1	2	5	12	-3	7	9													66	46	47	47	45	42	46	50	51	51	55	73	54	204									76			183.50	187.40	182.40	187.30	199.70	205.30	198.80	191.50	200.60	204.50	198.10	201.70	205.10	187.60									307.00		
165	25	04	04	21	38	02	53		8	8	-4	-6	3	1	-2	-11	-14	-5	-20	-13	-10	-29									-16			-50	-42	-27	-32	-33	-31	-25	-26	-30	-26	-31	-28	-23	-65									55			1	0	1	3	0	1	1	0	1	1	4	2	1	-6									6			2	1	1	-4	0	1	0	-1	2	-1	1	8	-9													51	43	27	33	33	31	25	28	33	26	37	31	25	71									57			170.90	169.20	188.40	190.60	174.80	178.20	184.60	202.90	205.00	190.90	212.80	204.90	203.50	204.00									343.80		
166	25	04	04	21	58	02	53		-5	5	13	3	0	-4	-11	-13	-7	-26	-23	-31	-17	-30									-27			-51	-52	-49	-37	-43	-33	-30	-31	-31	-37	-30	-23	-31	-20									60			1	2	-1	5	2	1	5	4	3	3	3	3	1	1									6			4	12	1	-13	-5	-3	4	0	-4	-1	-7	4	0													51	52	51	37	43	33	32	34	32	45	38	39	35	36									66			185.60	174.50	165.10	175.40	180.00	186.90	200.10	202.80	192.70	215.10	217.50	233.40	208.70	236.30									335.80		
167	25	04	04	22	18	02	53		4	5	-3	-4	-2	-6	-1	-8	-2	-11	-14	-7	-17	4									-20			-39	-46	-34	-32	-26	-25	-10	-13	-8	-9	-9	-10	-15	-26									49			-1	2	1	1	1	0	2	2	2	2	0	5	0	-4									9			2	5	4	1	3	0	-5	5	-4	0	0	-9	5	-18												39	46	34	32	26	26	10	15	8	14	17	12	23	26									53			174.10	173.80	185.00	187.10	184.40	193.50	185.70	211.60	194.00	230.70	237.30	215.00	228.60	171.30									337.80		
168	25	04	04	22	38	02	53		2	0	2	1	-7	5	-2	-5	-4	-12	-23	-9	-14	-15			11						0			-25	-11	-12	-2	-1	15	9	18	16	16	30	18	37	26			90						41			1	1	1	1	2	3	1	1	3	3	4	3	3	4			-5						6			-2	5	-6	-9	1	5	11	-2	-12	0	2	-1	1	36												25	11	12	2	7	16	9	19	16	20	38	20	40	30			91						41			175.40	180.00	170.50	153.40	261.90	18.40	347.50	344.50	346.00	323.10	322.50	333.40	339.30	330.00			7.00						0.00		
169	25	04	04	22	58	02	53		-4	-8	1	-9	-5	-3	-5	2	-7	-1	-9	-13	-25	-27									-36			-19	-19	-13	-16	-9	-11	6	13	-3	-1	13	8	22	23									70			1	0	1	1	3	2	0	2	-1	4	3	3	4	7									-14			4	-4	1	-1	0	1	0	-2	-4	0	-1	-7	5	55												19	21	13	18	10	11	8	13	8	1	16	15	33	35									79			191.90	202.80	175.60	209.40	209.10	195.30	320.20	8.70	246.80	225.00	325.30	301.60	311.30	310.40									332.80		
170	25	04	04	23	18	02	53		-6	3	7	4	-9	-5	-4	7	-5	-12	-22	-33	-20	-50									-4			-26	-20	-19	-13	-13	-6	-8	-7	7	-1	18	3	45	49									13			2	2	1	3	3	2	1	0	-3	1	2	3	1	-14									-7			-6	-7	-6	-7	-3	1	5	-8	-7	9	-5	-6	1													27	20	20	14	16	8	9	10	9	12	28	33	49	70									14			193.00	171.50	159.80	162.90	214.70	219.80	206.60	135.00	324.50	265.20	309.30	275.20	336.00	314.40									342.90		
171	25	04	04	23	38	02	53		-1	-4	6	-5	4	3	0	-3	4	-1	-9	-10	-17	35	276								-33			-18	-11	1	-4	-3	13	12	9	9	14	27	26	28	-11	49								25			-1	1	-1	0	0	0	-1	0	-1	-1	0	1	-1	-5	-24								-9			3	10	-4	-3	4	1	6	0	-6	5	3	-1	3													18	12	6	6	5	13	12	9	10	14	28	28	33	37	280								41			183.20	200.00	80.50	231.30	126.90	13.00	0.00	341.60	24.00	355.90	341.60	339.00	328.70	107.40	79.90								307.10		
172	25	04	04	23	58	02	53		-7	-4	-7	-3	0	-3	9	-1	-4	-6	-2	-4	-2	-30									-52			-19	-20	-10	-18	-8	-4	6	-4	4	5	0	17	28	39									13			-2	0	0	2	0	0	0	1	0	3	1	0	-3	-11									-11			-1	10	1	-1	-1	-5	1	-11	3	6	0	9	-1	17												20	20	12	18	8	5	11	4	6	8	2	17	28	49									54			200.20	191.30	215.00	189.50	180.00	216.90	56.30	194.00	315.00	309.80	270.00	346.80	355.90	322.40									284.00		
173	25	04	05	00	18	02	53		-9	-5	-5	-8	-5	-4	2	5	0	-13	-7	-1	10	-9									-32			-35	-36	-15	-9	-17	-8	-6	-5	2	-8	-2	24	3	-1									65			0	0	2	-2	0	0	1	0	0	1	0	-4	0	5									-21			3	6	-6	1	1	9	7	3	0	-1	1	7	-1	-128												36	36	16	12	18	9	6	7	2	15	7	24	10	9									72			194.40	187.90	198.40	221.60	196.40	206.60	161.60	135.00	0.00	238.40	254.10	357.60	73.30	263.70									333.80		
174	25	04	05	00	38	02	53		-10	-15	1	-6	-10	-4	-2	-2	2	-1	-4	-1	2	4									-72			-43	-43	-20	-17	-13	-7	-2	3	6	6	7	20	26	48									130			0	0	-2	0	1	-2	0	0	0	2	2	-3	2	-3									-37			2	2	1	-2	7	5	4	4	0	3	-7	3	-4	-7												44	46	20	18	16	8	3	4	6	6	8	20	26	48									149			193.10	199.20	177.10	199.40	217.60	209.70	225.00	326.30	18.40	350.50	330.30	357.10	4.40	4.80									331.00		
175	25	04	05	00	58	02	53		-16	-9	-2	-16	-12	-10	-3	1	-4	-1	-7	-11	7	-11									-27			-36	-30	-17	-11	-20	-18	-11	0	4	7	3	-2	11	68									20			-1	0	-1	2	0	3	4	0	0	0	3	0	2	6									-14			2	5	8	-5	-4	1	2	0	2	7	1	3	-16	6												39	31	17	19	23	21	11	1	6	7	8	11	13	69									34			204.00	196.70	186.70	235.50	211.00	209.10	195.30	90.00	315.00	351.90	293.20	259.70	32.50	350.80									306.50		
176	25	04	05	01	18	02	53		-20	-12	5	-8	-1	-1	-1	-8	-2	-6	3	-21	6	62									-10			-17	-8	-1	-8	-5	-1	-1	1	12	8	18	29	34	55									-16			-1	0	0	0	0	0	1	0	0	1	1	3	-3	2									13			0	10	4	-7	-7	0	5	-3	0	6	-5	-14	-7	-13												26	14	5	11	5	1	1	8	12	10	18	36	35	83									19			229.60	236.30	101.30	225.00	191.30	225.00	225.00	277.10	350.50	323.10	9.50	324.10	10.00	48.40									212.00		
177	25	04	05	01	38	02	53		-27	-22	-18	-21	-14	-1	1	12	9	0	6	-1	18	5									-2			-17	-4	-8	-6	-8	8	1	7	10	14	23	17	28	26									21			0	0	-1	1	0	1	0	0	1	0	2	3	-2	3									4			-1	0	0	1	0	-3	3	2	0	0	2	-1	-6	19												32	22	20	22	16	8	1	14	13	14	24	17	33	26									21			237.80	259.70	246.00	254.10	240.30	352.90	45.00	59.70	42.00	0.00	14.60	356.60	32.70	10.90									354.60		
178	25	04	05	01	58	02	53		-31	-22	-6	-7	-11	0	5	8	13	-2	12	12	31	21									32			-14	-14	-3	13	3	12	10	22	23	18	24	12	40	30									59			0	0	-2	1	0	2	2	1	3	1	3	2	4	-2									-28			-5	1	3	0	-4	-1	3	0	4	6	13	3	11	-22												34	26	7	15	11	12	11	23	26	18	27	17	51	37									67			245.70	237.50	243.40	331.70	285.30	0.00	26.60	20.00	29.50	353.70	26.60	45.00	37.80	35.00									28.50		
179	25	04	05	02	18	02	53		-21	-16	-14	3	-3	-3	13	5	14	7	14	7	2	21									-21			6	0	7	29	30	26	26	37	48	35	40	31	46	67									15			1	0	0	0	0	0	1	2	0	1	0	-2	-2	-6									-7			-1	-9	-11	4	6	-2	4	4	8	11	-5	1	-8	-30												22	16	16	29	30	26	29	37	50	36	42	32	46	70									26			285.90	270.00	296.60	5.90	354.30	353.40	26.60	7.70	16.30	11.30	19.30	12.70	2.50	17.40									305.50		
180	25	04	05	02	38	02	53		-24	-23	-21	-10	1	4	7	7	13	10	5	11	20	32								-97	-28			1	18	15	17	24	22	21	31	19	38	41	30	29	23								-159	-29			0	0	-1	0	2	0	0	0	0	1	0	-6	-1	-2								-1	-2			-2	3	-2	-1	7	-8	-1	-14	1	-12	19	2	12	12												24	29	26	20	24	22	22	32	23	39	41	32	35	39								186	40			272.40	308.00	305.50	329.50	2.40	10.30	18.40	12.70	34.40	14.70	7.00	20.10	34.60	54.30								211.40	224.00		
181	25	04	05	02	58	02	53		-21	-12	-8	-1	1	-2	11	8	18	20	19	12	47	12											2	10	1	-1	6	15	17	24	18	19	32	27	41	38	13											88	1	1	1	0	2	2	1	1	1	0	0	-3	1	-5											1	2	2	6	1	0	-3	-8	3	3	-13	-13	-6	-2	16												23	12	8	6	15	17	26	20	26	38	33	43	60	18											88	295.50	274.80	262.90	350.50	3.80	353.30	24.60	24.00	43.50	32.00	35.10	16.30	51.00	42.70											1.30
182	25	04	05	03	18	02	53		-15	-8	-8	-8	-1	3	14	6	7	19	32	26	39	17										-52		17	12	13	21	18	19	27	27	30	32	39	46	36	23										82		0	0	-1	1	0	0	0	0	0	-2	-1	-2	0	0										29		-1	-7	-3	0	5	9	7	-1	-7	3	5	-1	9	25												23	14	15	22	18	19	30	28	31	37	50	53	53	29										97		318.60	326.30	328.40	339.10	356.80	9.00	27.40	12.50	13.10	30.70	39.40	29.50	47.30	36.50										327.60	
183	25	04	05	03	38	02	53		-14	-23	-9	2	-8	0	11	17	16	30	31	28	33	12										8		14	14	13	21	11	18	25	24	27	22	17	29	21	23										-35		0	0	-1	0	1	3	0	0	0	0	1	0	-1	-3										17		2	2	4	2	2	-6	-2	7	6	-1	9	-2	5	-16												20	27	16	21	14	18	27	29	31	37	35	40	39	26										36		315.00	301.30	325.30	5.40	324.00	0.00	23.70	35.30	30.70	53.70	61.30	44.00	57.50	27.60										167.10	
184	25	04	05	03	58	02	53		-13	-8	1	9	1	14	18	26	25	21	25	39	34	51										0		-4	9	-1	-4	5	14	2	16	-1	10	9	6	-6	60										16		-1	0	0	0	0	0	0	0	0	0	2	2	-3	11										17		-2	12	10	1	10	6	0	0	7	-2	4	10	-2	115												14	12	1	10	5	20	18	31	25	23	27	39	35	79										16		252.90	318.40	135.00	114.00	11.30	45.00	83.70	58.40	92.30	64.50	70.20	81.30	100.00	40.40										0.00	
185	25	04	05	04	18	02	53		-19	-10	-9	5	-3	7	22	25	29	25	41	32	20	40	-3							4		-39		-8	-10	1	-2	2	14	16	9	14	21	13	3	2	23	14							120		62		-2	0	2	1	-1	1	-1	0	1	2	4	2	0	-3	21							-9		25		0	0	1	-5	-3	-5	-3	6	11	3	-1	0	-1	-14												21	14	9	5	4	16	27	27	32	33	43	32	20	46	14							120		73		247.20	225.00	276.30	111.80	303.70	26.60	54.00	70.20	64.20	50.00	72.40	84.60	84.30	60.10	347.90							1.90		327.80	
186	25	04	05	04	38	02	53		-26	-26	-12	-8	1	13	28	27	22	31	45	29	12	29	399			-75	14	-9	37	0		-61		-18	-17	-15	-5	-6	2	7	5	-2	-3	-5	-4	-3	26	316			-34	62	23	31	57		75		1	0	0	0	0	-1	0	0	-1	-2	0	2	2	-10	-46			12	-3	-4	-6	-3		29		4	1	3	-3	-1	16	-3	2	6	-5	2	-6	-1	-18					33	33	-18	-22				32	31	19	9	6	13	29	27	22	31	45	29	12	39	509			82	64	25	48	57		97		235.30	236.80	218.70	238.00	170.50	81.30	76.00	79.50	95.20	95.50	96.30	97.90	104.00	48.10	51.60			245.60	12.70	338.60	50.00	0.00		320.90	
187	25	04	05	04	58	02	53		-23	-16	-2	1	9	13	13	21	26	11	20	21	27	-8						100	2	-37		-47		-39	-36	-32	-33	-27	-19	-14	-19	-10	-28	-34	-13	-22	-61						42	-25	-18		57		0	0	0	-1	2	4	3	1	3	0	2	5	3	8						-20	-9	-8		34		-10	-2	1	7	9	0	-4	1	-2	0	-10	-2	-18	96												45	39	32	33	28	23	19	28	28	30	39	25	35	62						108	25	41		74		210.50	204.00	183.60	178.30	161.60	145.60	137.10	132.10	111.00	158.60	149.50	121.80	129.20	187.50						67.20	175.40	244.10		320.50	
188	25	04	05	05	18	02	53		-16	-13	-8	-4	0	16	15	19	25	18	5	25	39	13							-149			-32		-42	-29	-42	-38	-35	-32	-30	-16	-18	-18	-35	-25	-34	3							162			28		1	3	1	0	1	1	1	4	2	3	4	2	3	11							-38			32		-4	1	5	0	-2	-3	-8	-3	0	1	4	6	-7	29												45	32	43	38	35	36	34	25	31	25	35	35	52	13							220			43		200.90	204.10	190.80	186.00	180.00	153.40	153.40	130.10	125.80	135.00	171.90	135.00	131.10	77.00							317.40			311.20	
189	25	04	05	05	38	02	53		-3	-12	1	4	9	16	13	7	30	30	16	12	15	-6						-72	2	47		-2		-22	-27	-39	-23	-32	-20	-7	-9	-3	-6	-26	-31	-29	-2						38	67	200		-16		0	1	0	2	3	3	3	2	2	1	3	3	1	9						12	3	-14		25		-6	4	3	3	12	6	-10	-11	-3	1	10	-6	7	84												22	30	39	23	33	26	15	11	30	31	31	33	33	6						81	67	205		16		187.80	204.00	178.50	170.10	164.30	141.30	118.30	142.10	95.70	101.30	148.40	158.80	152.70	251.60						297.80	1.70	13.20		187.10	
190	25	04	05	05	58	02	53		-16	-18	-7	-1	6	4	18	28	24	16	20	15	20	11	46	71	27							0	-8	-43	-43	-34	-37	-36	-38	-43	-36	-53	-39	-32	-40	-33	-19	-42	-29	-46							4	-23	3	1	1	0	0	2	1	3	1	3	3	-1	4	2	1	-4	-15							-1	5	6	-5	5	1	-2	1	1	-6	-7	-5	2	10	-3	1	22											46	47	35	37	36	38	47	46	58	42	38	43	39	22	62	77	53							4	24	200.40	202.70	191.60	181.50	170.50	174.00	157.30	142.10	155.60	157.70	148.00	159.40	148.80	149.90	132.40	112.20	149.60							0.00	199.20
191	25	04	05	06	18	02	53		-6	4	2	5	5	9	17	16	26	22	18	10	0	6									-17	-12	-57	-48	-45	-50	-49	-49	-45	-48	-41	-38	-43	-33	-61	-55	-55									47	103	72	1	-1	1	1	3	1	3	4	4	5	5	2	3	4									-8	-1	10	6	-1	-1	-5	-5	-7	2	1	-5	2	-8	-6	0	19												48	45	50	49	49	46	51	44	46	48	38	62	55	55									50	104	92	187.10	174.90	177.70	174.20	174.20	168.70	160.50	158.70	145.60	152.90	151.40	170.70	180.00	173.80									340.10	353.40	321.60
192	25	04	05	06	38	02	53		5	5	9	-2	15	11	2	23	8	9	2	5	11	-14										-23	-115	-31	-19	-28	-21	-33	-19	-19	-16	-26	-25	-21	-39	-22	-52										113	178	2	2	2	3	2	2	6	3	6	5	6	4	2	8										2	34	3	0	-1	-2	-6	0	-4	-1	-1	-13	-3	2	3	44												31	20	29	21	36	22	19	28	27	27	21	39	25	54										115	212	170.80	165.30	162.20	185.40	155.60	149.90	174.00	124.80	162.90	160.20	174.60	172.70	153.40	195.10										348.50	327.10
193	25	04	05	06	58	02	53		15	11	7	5	13	8	0	9	5	18	10	10	6	10					43				-64	-28		-20	-25	-32	-21	-29	-35	-28	-27	-19	-37	-32	-54	-55	-86					159				53	112		0	1	1	2	1	2	3	3	2	1	0	2	1	3					-13				-11	1		7	-3	0	0	-4	3	0	-1	9	-14	3	9	0	-11												25	27	33	22	32	36	28	28	20	41	34	55	55	87					165				83	115		143.10	156.30	167.70	166.60	155.90	167.10	180.00	161.60	165.30	154.10	162.60	169.50	173.80	173.40					15.10				309.60	346.00	
194	25	04	05	07	18	02	53		23	23	20	15	16	4	2	-2	2	-8	1	-11	-8	2	28	-58							-4	-31	-69	-36	-25	-35	-35	-45	-44	-42	-48	-39	-40	-48	-30	-43	-34	-20	6							-103	89	49	0	0	0	0	1	3	3	2	0	2	1	0	2	1	17	15							29	4	15	4	5	-6	2	0	-3	-5	-3	2	8	-3	14	-1	14												43	34	40	38	48	44	42	48	39	41	48	32	44	34	34	58							103	94	85	147.40	137.40	150.30	156.80	160.40	174.80	177.30	182.40	177.10	191.30	178.80	200.10	190.50	176.60	125.50	275.90							182.20	340.80	305.40
195	25	04	05	07	38	02	53		12	18	27	22	13	9	15	0	-2	-3	-8	2	-17	18	75			137					-20	-71	36	-53	-54	-49	-62	-59	-61	-52	-55	-54	-36	-40	-24	-28	-36	-169			-32					33	82	142	1	1	1	1	1	5	1	3	2	5	4	5	4	1	-68			-18					-16	29	49	-1	-4	4	5	-3	0	-1	-8	6	0	2	8	-9	-4	142											54	57	56	66	60	62	54	55	54	36	41	24	33	40	185			141					39	108	146	167.20	161.60	151.10	160.50	167.60	171.60	163.90	180.00	182.10	184.80	191.30	175.20	211.30	153.40	156.10			103.10					328.80	319.10	14.20
196	25	04	05	07	58	02	53		25	18	28	26	19	3	8	5	6	-2	-19	-13	-1	6	200									-60	67	-38	-40	-48	-42	-44	-48	-50	-48	-52	-48	-49	-47	-40	-39	-37									88	100	1	1	1	1	2	3	4	6	3	3	7	7	7	5	33									14	44	7	-7	1	6	-2	1	-8	1	0	1	10	7	-6	-9												45	44	56	49	48	48	51	48	52	48	53	49	40	39	203									107	120	146.70	155.80	149.70	148.20	156.60	176.40	170.90	174.10	173.40	182.40	201.20	195.50	181.40	171.30	100.50									325.70	33.80
197	25	04	05	08	18	02	53		29	22	21	22	12	14	2	8	3	7	-6	-8	-13	4	-54		2						-63	2	119	-50	-37	-47	-52	-50	-52	-64	-60	-50	-47	-52	-60	-45	-30	30		42						160	6	79	3	2	3	3	4	3	4	3	4	3	4	6	3	6	41		-9						-43	2	60	2	3	0	-4	4	2	0	13	1	-3	-8	-7	5	-10												58	43	51	56	51	54	64	61	50	48	52	61	47	30	62		42						172	6	143	149.90	149.30	155.90	157.10	166.50	164.90	178.20	172.40	176.60	171.50	186.60	187.60	196.10	172.40	299.10		2.70						338.50	18.40	56.40
198	25	04	05	08	38	02	53		22	21	21	20	28	24	19	6	15	5	8	8	-1	-9	-29								-29			-65	-68	-80	-74	-70	-74	-79	-77	-80	-77	-84	-77	-74	-59	-159								32			0	2	4	3	2	2	2	4	2	2	0	2	0	0	-16								-20			-1	-2	3	-8	-2	-7	3	-2	8	3	7	-20	-6	-14												69	71	83	77	75	78	81	77	81	77	84	77	74	60	162								43			161.30	162.80	165.30	164.90	158.20	162.00	166.50	175.50	169.40	176.30	174.60	174.10	180.80	188.70	190.30								317.80		
199	25	04	05	08	58	02	53		25	33	28	26	31	19	15	13	13	9	-1	-1	-1	-7	13								13			-83	-88	-85	-91	-96	-86	-83	-86	-81	-86	-72	-81	-68	-63	-108								2			3	2	1	1	-1	2	1	1	1	3	3	1	4	1	-12								-7			-6	0	11	-1	-2	1	3	9	4	2	-2	-9	-3	0	117											87	94	89	95	101	88	84	87	82	86	72	81	68	63	109								13			163.20	159.40	161.80	164.10	162.10	167.50	169.80	171.40	170.90	174.00	180.80	180.70	180.80	186.30	173.10								81.30		
200	25	04	05	09	18	02	53		16	28	14	14	15	6	2	-7	-4	-10	-8	-15	0	5	1								-59			-74	-86	-85	-79	-83	-83	-88	-82	-75	-69	-65	-48	-42	-28	-64								66			1	0	0	0	0	-1	0	-1	-2	0	0	1	-1	0	10								-17			-1	4	-1	7	-9	-10	0	1	-7	4	-5	-4	-2	-4												76	90	86	80	84	83	88	82	75	70	65	50	42	28	64								89			167.80	162.00	170.60	170.00	169.80	175.90	178.70	184.90	183.10	188.20	187.00	197.40	180.00	169.90	179.10								318.20		
201	25	04	05	09	38	02	53		12	11	14	18	16	3	-15	-6	3	-2	8	4	6	-2	-34		15						-46			-79	-92	-84	-65	-56	-62	-57	-52	-50	-47	-27	-18	-17	-13	47		-42						67			1	0	0	0	0	0	-2	0	-1	-1	-4	0	-2	1	-8		6						-17			11	1	0	5	-2	2	4	3	2	10	0	3	-3	2												80	93	85	67	58	62	59	52	50	47	28	18	18	13	58		45						81			171.40	173.20	170.50	164.50	164.10	177.20	194.70	186.60	176.60	182.40	163.50	167.50	160.60	188.70	324.10		160.30						325.50		
202	25	04	05	09	58	02	53		20	17	7	3	-10	-12	-3	-16	-1	-14	-7	-1	-18	-21	-14								-54			-72	-80	-83	-82	-70	-55	-64	-52	-55	-35	-27	-17	-27	-13	-100								101			-1	2	2	3	0	0	-1	1	-2	0	-1	0	2	-2	0								-17			3	0	-6	1	1	5	-4	12	3	0	0	1	-8	-6												75	82	83	82	71	56	64	54	55	38	28	17	32	25	101								115			164.50	168.00	175.20	177.90	188.10	192.30	182.70	197.10	181.00	201.80	194.50	183.40	213.70	238.20	188.00								331.90		
203	25	04	05	10	18	02	53		15	8	16	-6	6	1	-9	-7	-16	-3	-13	-1	2	-1									-15			-71	-74	-62	-65	-59	-48	-45	-41	-39	-21	-25	-25	-6	-46									86			0	1	1	3	0	1	0	1	-1	0	0	2	0	-3									-9			-6	1	3	2	-1	1	0	2	12	-7	16	1	3	10												73	74	64	65	59	48	46	42	42	21	28	25	6	46									87			168.10	173.80	165.50	185.30	174.20	178.80	191.30	189.70	202.30	188.10	207.50	182.30	161.60	181.20									350.10		
204	25	04	05	10	38	02	53		25	1	-21	2	-8	-4	-11	-10	-10	-7	-13	-7	10	-6								37	3	-76		-55	-52	-60	-44	-51	-51	-34	-5	-32	-22	-5	0	14	-7								-192	39	105		3	1	-2	-1	0	-2	-2	-4	0	0	1	0	3	2								-42	-1	40		-4	-12	-16	4	-7	6	-4	11	5	-4	3	15	-10	-19												60	52	64	44	52	51	36	11	34	23	14	7	17	9								196	39	130		155.60	178.90	199.30	177.40	188.90	184.50	197.90	243.40	197.40	197.70	249.00	270.00	35.50	220.60								169.10	4.40	324.10	
205	25	04	05	10	58	02	53			-167	-1									18	37	9	1	12	15	-25	-24	-3	-18	-6	-15	10	29		224	77									21	61	49	24	38	46	38	6	-15	-7	-9	-15	7	3		72	24									26	-15	2	0	1	7	4	-1	-1	-3	3	2	4	5			-8										33	-28	14	5	-5	9	-3	5	7	7	-12	2	-3		279	77									28	71	50	24	40	48	45	25	15	19	11	21	12	29		323.30	359.30									40.60	31.20	10.40	2.40	17.50	18.10	326.70	284.00	191.30	248.70	213.70	225.00	55.00	84.10
206	25	04	05	11	18	02	53																																																																																																																																																							
207	25	04	05	11	38	02	53																																																																																																																																																							
208	25	04	05	11	58	02	53																																																																																																																																																							
209	25	04	05	12	18	02	53																																																																																																																																																							
210	25	04	05	12	38	02	53																																																																																																																																																							
211	25	04	05	12	58	02	53																																																																																																																																																							
