Seaguard RCM SW
Product number:	4430
Serial number:	1705

		System Parameters(0)				Temperature #835(835)	Optode #492(492)			Conductivity #1306(1306)		Doppler Current Sensor #723(723)
Record	Time tag (Gmt)	Battery Voltage(V)	Memory Used(Bytes)	Last Interval(ms)	Time Correction(ms)	Temperature(Deg.C)	O2Concentration(uM)	AirSaturation(%)	Temperature(Deg.C)	Conductivity(mS/cm)	Temperature(Deg.C)	Abs Speed(cm/s)	Direction(Deg.M)	North(cm/s)	East(cm/s)	Heading(Deg.M)	Tilt X(Deg)	Tilt Y(Deg)	SP Std(cm/s)	Strength(dB)	Ping Count	Abs Tilt(Deg)	Max Tilt(Deg)	Std Tilt(Deg)	Strength X(dB)	Strength Y(dB)
0	02.04.25 09:20:00	6.767	9003008	1199994	0.000	17.950	280.541	95.133	18.120	-0.007	18.220	0.000	0.000	0.000	0.000	11.213	90.000	2.938	0.000	-80.000	0	90.000	90.000	0.000	-80.000	-80.000
1	02.04.25 09:40:00	6.934	9007104	1199993	0.000	16.905	288.165	95.732	17.129	-0.010	17.094	0.000	0.000	0.000	0.000	12.338	90.000	4.206	0.000	-80.000	0	90.000	90.000	0.000	-80.000	-80.000
2	02.04.25 10:00:00	6.928	9007104	1199994	0.000	15.496	295.928	95.427	15.719	-0.011	15.728	0.000	0.000	0.000	0.000	12.652	90.000	4.206	0.000	-80.000	0	90.000	90.000	0.000	-80.000	-80.000
3	02.04.25 10:20:00	6.917	9007104	1199994	0.000	7.154	310.847	94.794	13.162	-0.014	14.237	121.613	22.535	112.327	46.608	262.872	40.815	49.163	386.465	-71.449	40	80.748	90.000	14.196	-71.514	-71.384
4	02.04.25 10:40:00	6.863	9011200	1199994	0.000	-8.504	443.524	88.119	-3.332	0.001	-3.846	528.469	252.564	-158.350	-504.187	306.506	59.145	25.001	421.622	-71.547	13	86.951	90.000	9.485	-71.487	-71.607
5	02.04.25 11:00:00	6.809	9011200	1199994	0.000	-10.839	548.049	89.169	-9.570	-0.054	-9.208	767.756	239.430	-390.468	-661.048	261.768	38.301	52.219	0.000	-72.048	1	89.903	90.000	0.971	-72.134	-71.961
6	02.04.25 11:20:00	6.761	9011200	1199994	0.000	-1.784	579.352	116.441	-2.948	27.248	-3.467	2.535	26.333	2.272	1.125	26.583	1.167	1.461	5.807	-39.649	100	1.905	3.975	0.424	-37.776	-41.523
7	02.04.25 11:40:00	6.767	9011200	1199993	0.000	-1.790	461.784	95.542	-1.971	27.314	-1.914	2.141	207.101	-1.906	-0.976	101.166	1.701	2.472	4.616	-37.855	100	3.002	3.122	0.044	-37.696	-38.013
8	02.04.25 12:00:00	6.767	9011200	1199994	0.000	-1.788	470.371	97.519	-1.900	27.315	-1.844	0.401	272.808	0.020	-0.401	104.383	1.714	2.496	4.485	-37.699	100	3.028	3.121	0.050	-37.675	-37.723
9	02.04.25 12:20:00	6.761	9011200	1199994	0.000	-1.781	451.522	93.699	-1.868	27.328	-1.810	2.517	287.635	0.762	-2.398	115.350	1.705	2.515	4.902	-38.254	100	3.038	3.179	0.060	-38.157	-38.350
10	02.04.25 12:40:00	6.767	9011200	1199993	0.000	-1.779	442.782	92.095	-1.791	27.332	-1.799	2.579	4.253	2.572	0.191	133.713	1.713	2.534	4.774	-38.078	100	3.060	3.173	0.055	-38.109	-38.047
11	02.04.25 13:00:00	6.767	9011200	1199994	0.000	-1.775	440.066	91.564	-1.778	27.334	-1.780	4.686	34.908	3.842	2.681	139.652	1.776	2.648	4.787	-39.751	100	3.189	3.280	0.041	-39.586	-39.917
12	02.04.25 13:20:00	6.767	9011200	1199994	0.000	-1.778	439.907	91.538	-1.776	27.332	-1.767	4.185	329.895	3.620	-2.099	134.323	1.770	2.540	4.440	-38.604	100	3.097	3.213	0.050	-38.636	-38.571
13	02.04.25 13:40:00	6.774	9011200	1199993	0.000	-1.778	440.182	91.594	-1.776	27.332	-1.774	2.375	346.732	2.312	-0.545	124.967	1.745	2.514	4.670	-38.374	100	3.061	3.193	0.046	-38.188	-38.559
14	02.04.25 14:00:00	6.774	9011200	1199994	0.000	-1.777	439.958	91.553	-1.774	27.333	-1.782	1.119	74.466	0.300	1.078	117.978	1.669	2.484	4.081	-38.485	100	2.993	3.123	0.045	-38.453	-38.517
15	02.04.25 14:20:00	6.774	9011200	1199993	0.000	-1.776	440.219	91.610	-1.773	27.333	-1.780	0.376	225.999	-0.261	-0.271	113.966	1.663	2.452	4.808	-38.695	100	2.963	3.064	0.048	-38.765	-38.624
16	02.04.25 14:40:00	6.774	9011200	1199993	0.000	-1.777	439.771	91.513	-1.774	27.332	-1.776	1.877	170.027	-1.849	0.325	105.941	1.666	2.416	4.600	-38.852	100	2.935	3.034	0.043	-38.873	-38.831
17	02.04.25 15:00:00	6.767	9011200	1199994	0.000	-1.777	440.393	91.643	-1.774	27.332	-1.782	3.379	200.245	-3.171	-1.169	75.131	1.782	2.343	4.603	-38.440	100	2.944	3.290	0.104	-38.457	-38.423
18	02.04.25 15:20:00	6.767	9011200	1199993	0.000	-1.776	440.786	91.726	-1.773	27.332	-1.774	5.729	197.255	-5.471	-1.699	341.247	2.152	2.837	4.809	-38.379	100	3.564	3.798	0.098	-38.943	-37.816
19	02.04.25 15:40:00	6.774	9011200	1199994	0.000	-1.775	439.340	91.427	-1.773	27.332	-1.770	6.312	186.575	-6.271	-0.723	328.314	2.190	3.005	4.214	-37.989	100	3.723	3.872	0.078	-38.027	-37.951
20	02.04.25 16:00:00	6.767	9011200	1199994	0.000	-1.775	439.666	91.496	-1.772	27.336	-1.780	5.593	192.065	-5.470	-1.169	339.654	2.111	2.891	5.311	-37.871	100	3.586	3.853	0.112	-38.070	-37.672
21	02.04.25 16:20:00	6.767	9011200	1199994	0.000	-1.773	439.640	91.498	-1.770	27.340	-1.770	6.038	186.626	-5.997	-0.697	340.610	2.098	2.827	4.497	-38.531	100	3.525	3.742	0.107	-38.867	-38.194
22	02.04.25 16:40:00	6.767	9011200	1199994	0.000	-1.771	439.445	91.465	-1.767	27.342	-1.772	8.897	192.828	-8.674	-1.975	322.895	2.192	3.126	4.280	-40.586	100	3.823	3.985	0.074	-40.983	-40.188
23	02.04.25 17:00:00	6.780	9011200	1199994	0.000	-1.773	438.946	91.354	-1.769	27.340	-1.765	10.300	194.206	-9.985	-2.528	312.021	2.337	3.419	4.759	-40.379	100	4.158	4.521	0.148	-40.540	-40.218
24	02.04.25 17:20:00	6.774	9011200	1199994	0.000	-1.776	438.252	91.197	-1.774	27.334	-1.787	9.057	188.635	-8.954	-1.360	313.659	2.267	3.269	4.219	-40.944	100	3.979	4.108	0.053	-41.084	-40.803
25	02.04.25 17:40:00	6.780	9011200	1199994	0.000	-1.774	438.452	91.247	-1.771	27.336	-1.774	8.785	198.262	-8.342	-2.753	312.582	2.269	3.282	4.787	-41.138	100	3.992	4.135	0.064	-41.091	-41.186
26	02.04.25 18:00:00	6.780	9011200	1199994	0.000	-1.774	438.302	91.217	-1.771	27.337	-1.774	10.670	198.610	-10.113	-3.405	308.403	2.382	3.641	4.728	-41.028	100	4.359	4.666	0.108	-41.236	-40.820
27	02.04.25 18:20:00	6.774	9011200	1199994	0.000	-1.761	438.274	91.242	-1.759	27.345	-1.759	9.501	202.340	-8.788	-3.611	311.777	2.542	3.702	4.729	-40.562	100	4.502	4.760	0.118	-40.726	-40.398
28	02.04.25 18:40:00	6.774	9011200	1199994	0.000	-1.769	437.975	91.161	-1.766	27.343	-1.761	12.037	194.463	-11.656	-3.006	308.956	2.514	3.772	4.822	-40.809	100	4.545	4.803	0.113	-41.014	-40.605
29	02.04.25 19:00:00	6.774	9011200	1199993	0.000	-1.765	438.039	91.185	-1.762	27.345	-1.765	11.387	189.023	-11.246	-1.786	311.776	2.666	3.830	4.181	-40.686	100	4.677	5.134	0.156	-40.889	-40.482
30	02.04.25 19:20:00	6.767	9011200	1199994	0.000	-1.760	437.894	91.172	-1.756	27.347	-1.748	11.926	196.699	-11.423	-3.427	315.655	2.544	3.804	4.339	-40.850	100	4.581	4.883	0.137	-40.978	-40.722
31	02.04.25 19:40:00	6.780	9011200	1199994	0.000	-1.761	437.871	91.161	-1.758	27.345	-1.767	8.258	194.124	-8.008	-2.015	322.739	2.452	3.430	4.690	-38.208	100	4.226	4.557	0.154	-38.386	-38.030
32	02.04.25 20:00:00	6.767	9011200	1199994	0.000	-1.770	438.725	91.315	-1.767	27.337	-1.772	8.904	192.268	-8.700	-1.892	313.578	2.283	3.261	4.275	-37.401	100	3.998	4.409	0.188	-37.584	-37.218
33	02.04.25 20:20:00	6.780	9011200	1199994	0.000	-1.778	438.391	91.220	-1.776	27.332	-1.778	7.246	190.634	-7.121	-1.337	313.018	2.285	3.196	4.503	-37.636	100	3.932	4.085	0.070	-37.568	-37.705
34	02.04.25 20:40:00	6.786	9011200	1199994	0.000	-1.777	438.615	91.272	-1.774	27.328	-1.772	7.017	192.889	-6.840	-1.565	316.830	2.224	3.140	4.764	-38.458	100	3.851	3.995	0.063	-38.273	-38.643
35	02.04.25 21:00:00	6.780	9011200	1199994	0.000	-1.776	438.525	91.253	-1.775	27.328	-1.770	3.858	196.549	-3.698	-1.099	314.243	2.084	2.926	4.392	-38.272	100	3.594	3.726	0.048	-38.480	-38.064
36	02.04.25 21:20:00	6.767	9011200	1199994	0.000	-1.779	438.822	91.310	-1.776	27.327	-1.789	3.176	202.956	-2.924	-1.239	309.709	1.934	2.798	4.822	-38.637	100	3.401	3.481	0.040	-38.701	-38.574
37	02.04.25 21:40:00	6.780	9011200	1199994	0.000	-1.780	438.600	91.263	-1.776	27.325	-1.767	1.583	226.292	-1.094	-1.144	307.384	1.901	2.753	4.716	-38.286	100	3.346	3.446	0.044	-38.230	-38.342
38	02.04.25 22:00:00	6.774	9011200	1199994	0.000	-1.778	438.749	91.294	-1.776	27.325	-1.769	2.452	220.615	-1.862	-1.596	307.607	1.896	2.815	4.450	-38.891	100	3.394	3.530	0.040	-39.033	-38.750
39	02.04.25 22:20:00	6.774	9011200	1199994	0.000	-1.779	438.790	91.301	-1.777	27.325	-1.778	3.971	200.574	-3.717	-1.395	307.459	1.924	2.827	4.883	-38.403	100	3.420	3.544	0.046	-38.307	-38.498
40	02.04.25 22:40:00	6.774	9011200	1199993	0.000	-1.781	438.583	91.255	-1.778	27.325	-1.778	2.632	235.794	-1.480	-2.177	303.915	1.863	2.800	4.788	-38.498	100	3.363	3.475	0.048	-38.677	-38.319
41	02.04.25 23:00:00	6.774	9011200	1199993	0.000	-1.781	438.739	91.291	-1.777	27.324	-1.780	3.070	211.374	-2.621	-1.598	305.825	1.866	2.862	4.202	-38.436	100	3.416	3.524	0.050	-38.392	-38.480
42	02.04.25 23:20:00	6.767	9011200	1199993	0.000	-1.794	437.264	90.945	-1.792	27.314	-1.803	5.010	196.834	-4.795	-1.451	306.444	1.953	2.933	4.518	-37.930	100	3.525	3.612	0.044	-38.037	-37.824
43	02.04.25 23:40:00	6.774	9011200	1199994	0.000	-1.769	438.385	91.250	-1.765	27.337	-1.776	4.075	206.163	-3.658	-1.797	313.383	1.873	2.895	4.381	-37.914	100	3.448	3.536	0.039	-38.241	-37.587
44	03.04.25 00:00:00	6.774	9011200	1199994	0.000	-1.766	438.166	91.209	-1.763	27.334	-1.755	2.780	247.761	-1.052	-2.573	313.878	1.857	2.814	4.450	-37.945	100	3.371	3.465	0.040	-38.225	-37.665
45	03.04.25 00:20:00	6.780	9011200	1199994	0.000	-1.753	437.683	91.137	-1.752	27.347	-1.740	2.316	332.081	2.046	-1.084	316.579	1.823	2.736	5.100	-38.214	100	3.288	3.391	0.048	-38.069	-38.358
46	03.04.25 00:40:00	6.774	9011200	1199994	0.000	-1.732	438.556	91.363	-1.736	27.365	-1.729	2.701	320.814	2.093	-1.706	321.872	1.721	2.689	4.846	-38.054	100	3.193	3.325	0.053	-38.034	-38.074
47	03.04.25 01:00:00	6.767	9011200	1199993	0.000	-1.729	439.120	91.505	-1.727	27.374	-1.744	3.579	327.499	3.019	-1.923	350.058	1.685	2.688	4.509	-36.808	100	3.173	3.328	0.057	-37.045	-36.570
48	03.04.25 01:20:00	6.767	9011200	1199993	0.000	-1.737	438.753	91.410	-1.734	27.368	-1.750	3.827	334.184	3.445	-1.667	43.322	1.674	2.847	4.682	-37.037	100	3.304	3.683	0.154	-37.027	-37.048
49	03.04.25 01:40:00	6.780	9011200	1199994	0.000	-1.750	438.697	91.367	-1.745	27.356	-1.731	5.848	338.816	5.453	-2.113	80.837	1.765	2.955	4.411	-36.893	100	3.443	3.651	0.061	-37.255	-36.531
50	03.04.25 02:00:00	6.780	9011200	1199994	0.000	-1.762	438.507	91.294	-1.758	27.347	-1.746	5.849	346.549	5.688	-1.360	77.454	1.767	2.867	4.066	-36.872	100	3.370	3.534	0.078	-36.929	-36.816
51	03.04.25 02:20:00	6.780	9011200	1199994	0.000	-1.763	438.354	91.258	-1.759	27.346	-1.750	3.295	320.450	2.541	-2.098	68.866	1.759	2.721	4.838	-37.546	100	3.240	3.401	0.054	-37.503	-37.589
52	03.04.25 02:40:00	6.774	9011200	1199994	0.000	-1.787	438.803	91.292	-1.781	27.325	-1.786	2.608	325.909	2.160	-1.462	67.897	1.764	2.690	4.257	-38.230	100	3.217	3.355	0.048	-38.501	-37.959
53	03.04.25 03:00:00	6.780	9011200	1199994	0.000	-1.786	438.947	91.319	-1.782	27.327	-1.791	2.068	320.849	1.604	-1.306	66.437	1.729	2.588	4.521	-38.291	100	3.113	3.248	0.065	-38.717	-37.865
54	03.04.25 03:20:00	6.780	9011200	1199994	0.000	-1.785	438.022	91.129	-1.782	27.328	-1.776	1.904	228.775	-1.255	-1.432	65.500	1.767	2.542	4.855	-38.353	100	3.096	3.215	0.054	-38.787	-37.920
55	03.04.25 03:40:00	6.774	9011200	1199994	0.000	-1.788	438.603	91.243	-1.784	27.325	-1.789	5.834	194.206	-5.656	-1.432	25.265	1.991	2.544	4.475	-39.040	100	3.231	3.442	0.092	-39.049	-39.031
56	03.04.25 04:00:00	6.774	9011200	1199994	0.000	-1.778	439.001	91.345	-1.777	27.333	-1.772	6.398	212.166	-5.416	-3.406	357.045	2.174	2.835	4.558	-37.646	100	3.575	3.760	0.082	-37.699	-37.594
57	03.04.25 04:20:00	6.780	9011200	1199993	0.000	-1.772	438.963	91.357	-1.770	27.340	-1.767	5.991	207.813	-5.299	-2.795	348.482	2.200	2.986	4.272	-37.735	100	3.712	3.875	0.071	-38.138	-37.331
58	03.04.25 04:40:00	6.780	9011200	1199993	0.000	-1.773	438.904	91.345	-1.769	27.338	-1.772	5.810	203.931	-5.311	-2.357	342.203	2.106	3.013	4.903	-38.274	100	3.680	3.851	0.070	-38.400	-38.149
59	03.04.25 05:00:00	6.786	9011200	1199994	0.000	-1.784	439.095	91.352	-1.782	27.328	-1.786	6.011	210.529	-5.177	-3.053	349.770	2.080	2.913	4.683	-39.570	100	3.584	3.784	0.085	-39.949	-39.191
60	03.04.25 05:20:00	6.780	9011200	1199994	0.000	-1.783	439.263	91.390	-1.781	27.327	-1.787	4.430	198.132	-4.210	-1.379	348.240	2.084	2.866	4.320	-40.139	100	3.548	3.701	0.083	-40.209	-40.069
61	03.04.25 05:40:00	6.774	9011200	1199993	0.000	-1.769	438.994	91.371	-1.767	27.340	-1.772	7.077	202.774	-6.525	-2.739	340.450	2.117	2.929	4.744	-39.879	100	3.620	3.797	0.076	-39.871	-39.887
62	03.04.25 06:00:00	6.774	9011200	1199993	0.000	-1.767	438.716	91.325	-1.762	27.343	-1.748	5.819	188.505	-5.755	-0.861	338.892	2.062	2.792	4.835	-38.505	100	3.474	3.652	0.075	-38.416	-38.595
63	03.04.25 06:20:00	6.767	9015296	1199994	0.000	-1.770	438.751	91.315	-1.769	27.338	-1.767	5.408	219.498	-4.173	-3.440	336.950	2.079	2.839	4.900	-38.579	100	3.522	3.692	0.063	-38.750	-38.408
64	03.04.25 06:40:00	6.774	9015296	1199994	0.000	-1.794	439.180	91.344	-1.791	27.318	-1.787	7.724	205.178	-6.990	-3.286	331.911	2.237	3.192	4.385	-39.300	100	3.906	4.076	0.069	-39.256	-39.344
65	03.04.25 07:00:00	6.774	9015296	1199994	0.000	-1.804	439.221	91.332	-1.799	27.311	-1.799	8.320	212.427	-7.023	-4.462	334.129	2.291	3.302	4.381	-38.583	100	4.029	4.263	0.095	-38.834	-38.331
66	03.04.25 07:20:00	6.780	9015296	1199994	0.000	-1.801	439.147	91.324	-1.796	27.312	-1.795	6.667	212.246	-5.639	-3.557	339.278	2.208	3.004	5.290	-38.716	100	3.734	3.888	0.071	-39.288	-38.143
67	03.04.25 07:40:00	6.774	9015296	1199994	0.000	-1.790	438.804	91.269	-1.790	27.319	-1.793	6.349	204.450	-5.779	-2.628	340.689	2.177	2.882	4.731	-39.036	100	3.619	3.796	0.068	-39.279	-38.792
68	03.04.25 08:00:00	6.780	9015296	1199994	0.000	-1.782	438.711	91.282	-1.778	27.329	-1.770	5.735	192.147	-5.606	-1.207	334.860	2.190	2.868	4.612	-39.083	100	3.614	3.789	0.066	-39.265	-38.901
69	03.04.25 08:20:00	6.780	9015296	1199994	0.000	-1.743	438.587	91.357	-1.740	27.360	-1.740	7.768	175.696	-7.747	0.583	324.975	2.145	2.897	4.647	-38.289	100	3.609	3.753	0.064	-38.454	-38.124
70	03.04.25 08:40:00	6.780	9015296	1199994	0.000	-1.753	438.544	91.329	-1.748	27.351	-1.742	4.458	171.148	-4.405	0.686	335.387	2.003	2.665	4.485	-38.631	100	3.335	3.496	0.057	-38.425	-38.836
71	03.04.25 09:00:00	6.774	9015296	1199993	0.000	-1.756	438.464	91.302	-1.751	27.350	-1.753	1.833	193.585	-1.781	-0.430	342.452	1.891	2.619	4.341	-38.319	100	3.231	3.338	0.047	-38.559	-38.079
72	03.04.25 09:20:00	6.786	9015296	1199994	0.000	-1.773	438.710	91.307	-1.769	27.336	-1.769	1.332	323.051	1.064	-0.800	342.762	1.854	2.620	4.631	-38.165	100	3.210	3.308	0.047	-38.411	-37.919
73	03.04.25 09:40:00	6.780	9015296	1199994	0.000	-1.763	437.649	91.107	-1.761	27.343	-1.769	1.088	79.197	0.204	1.069	335.884	1.810	2.613	4.531	-38.622	100	3.178	3.285	0.040	-38.677	-38.566
74	03.04.25 10:00:00	6.780	9015296	1199994	0.000	-1.768	437.856	91.131	-1.768	27.338	-1.755	3.756	27.030	3.345	1.707	334.949	1.697	2.539	4.881	-38.273	100	3.054	3.163	0.048	-38.343	-38.204
75	03.04.25 10:20:00	6.786	9015296	1199994	0.000	-1.763	438.782	91.325	-1.768	27.340	-1.770	4.071	5.673	4.051	0.402	331.808	1.705	2.549	4.133	-38.146	100	3.067	3.181	0.044	-37.854	-38.439
76	03.04.25 10:40:00	6.780	9015296	1199994	0.000	-1.790	436.948	90.898	-1.784	27.319	-1.801	4.441	354.851	4.423	-0.399	332.507	1.746	2.591	4.445	-38.744	100	3.125	3.225	0.040	-39.022	-38.465
77	03.04.25 11:00:00	6.780	9015296	1199994	0.000	-1.787	439.416	91.397	-1.790	27.316	-1.786	3.304	14.413	3.200	0.822	334.053	1.759	2.612	4.165	-39.279	100	3.149	3.261	0.045	-39.372	-39.186
78	03.04.25 11:20:00	6.774	9015296	1199994	0.000	-1.802	439.622	91.431	-1.793	27.312	-1.806	1.834	341.789	1.742	-0.573	335.741	1.785	2.610	4.608	-39.284	100	3.162	3.309	0.043	-38.667	-39.901
79	03.04.25 11:40:00	6.780	9015296	1199994	0.000	-1.798	439.618	91.427	-1.794	27.312	-1.791	1.014	318.075	0.754	-0.677	337.523	1.818	2.617	4.488	-40.560	100	3.187	3.295	0.044	-40.664	-40.457
80	03.04.25 12:00:00	6.774	9015296	1199994	0.000	-1.805	439.646	91.421	-1.799	27.309	-1.810	2.559	10.601	2.516	0.471	339.527	1.817	2.617	4.704	-39.921	100	3.186	3.337	0.047	-39.986	-39.857
81	03.04.25 12:20:00	6.780	9015296	1199993	0.000	-1.802	439.375	91.367	-1.798	27.310	-1.801	0.361	76.973	0.081	0.352	341.940	1.804	2.627	4.364	-40.325	100	3.187	3.287	0.044	-40.486	-40.164
82	03.04.25 12:40:00	6.780	9015296	1199994	0.000	-1.805	439.272	91.336	-1.801	27.309	-1.806	2.508	287.085	0.737	-2.397	345.444	1.808	2.657	4.496	-38.988	100	3.213	3.315	0.044	-39.121	-38.854
83	03.04.25 13:00:00	6.780	9015296	1199993	0.000	-1.806	439.299	91.339	-1.803	27.307	-1.806	2.642	310.176	1.704	-2.018	349.989	1.752	2.691	4.028	-39.289	100	3.211	3.309	0.044	-39.344	-39.233
84	03.04.25 13:20:00	6.786	9015296	1199994	0.000	-1.812	438.768	91.214	-1.808	27.303	-1.821	3.461	319.239	2.622	-2.260	0.524	1.629	2.772	4.325	-39.426	100	3.216	3.422	0.095	-39.610	-39.243
85	03.04.25 13:40:00	6.780	9019392	1199993	0.000	-1.808	439.503	91.375	-1.805	27.306	-1.806	2.108	324.349	1.713	-1.229	14.934	1.796	2.671	4.243	-39.393	100	3.219	3.343	0.054	-39.213	-39.573
86	03.04.25 14:00:00	6.780	9019392	1199994	0.000	-1.808	439.242	91.319	-1.806	27.305	-1.810	2.799	323.873	2.261	-1.650	32.470	1.657	2.697	4.400	-39.598	100	3.166	3.277	0.052	-39.914	-39.281
87	03.04.25 14:20:00	6.774	9019392	1199993	0.000	-1.807	438.985	91.268	-1.805	27.305	-1.814	2.424	14.151	2.350	0.593	39.569	1.677	2.645	4.931	-39.518	100	3.132	3.270	0.048	-39.369	-39.666
88	03.04.25 14:40:00	6.774	9019392	1199994	0.000	-1.806	438.955	91.265	-1.803	27.306	-1.804	0.933	23.637	0.855	0.374	37.120	1.728	2.579	4.086	-39.198	100	3.105	3.230	0.047	-38.941	-39.456
89	03.04.25 15:00:00	6.774	9019392	1199994	0.000	-1.808	438.279	91.125	-1.803	27.305	-1.818	0.966	183.253	-0.965	-0.055	36.908	1.734	2.570	4.575	-39.328	100	3.100	3.214	0.048	-39.287	-39.368
90	03.04.25 15:20:00	6.774	9019392	1199994	0.000	-1.809	437.702	91.003	-1.804	27.303	-1.795	2.563	134.913	-1.810	1.815	35.855	1.762	2.565	4.763	-39.631	100	3.112	3.236	0.041	-39.593	-39.670
91	03.04.25 15:40:00	6.780	9019392	1199994	0.000	-1.809	437.050	90.865	-1.805	27.303	-1.812	4.198	191.223	-4.118	-0.817	29.190	1.849	2.536	4.080	-40.044	100	3.139	3.305	0.060	-39.925	-40.164
92	03.04.25 16:00:00	6.780	9019392	1199994	0.000	-1.808	439.035	91.279	-1.804	27.309	-1.816	6.802	194.496	-6.585	-1.702	347.110	2.189	2.894	4.378	-38.779	100	3.631	3.908	0.087	-38.991	-38.568
93	03.04.25 16:20:00	6.780	9019392	1199994	0.000	-1.827	439.126	91.249	-1.823	27.294	-1.829	8.371	191.541	-8.202	-1.675	341.461	2.340	3.192	4.333	-39.312	100	3.960	4.154	0.076	-39.503	-39.121
94	03.04.25 16:40:00	6.780	9019392	1199994	0.000	-1.829	439.178	91.257	-1.824	27.297	-1.844	7.619	205.635	-6.869	-3.296	339.661	2.277	3.229	5.374	-39.248	100	3.953	4.077	0.054	-39.822	-38.675
95	03.04.25 17:00:00	6.786	9019392	1199993	0.000	-1.825	439.106	91.254	-1.819	27.302	-1.814	7.253	212.521	-6.116	-3.899	345.270	2.136	3.016	4.716	-38.574	100	3.701	3.868	0.063	-39.086	-38.062
96	03.04.25 17:20:00	6.786	9019392	1199994	0.000	-1.824	439.099	91.253	-1.819	27.303	-1.825	8.324	216.980	-6.649	-5.007	344.839	2.200	3.189	4.728	-38.393	100	3.880	4.050	0.072	-38.622	-38.165
97	03.04.25 17:40:00	6.774	9019392	1199994	0.000	-1.828	438.957	91.210	-1.824	27.298	-1.819	9.654	208.726	-8.466	-4.640	336.959	2.224	3.283	4.329	-37.878	100	3.975	4.249	0.093	-38.251	-37.505
98	03.04.25 18:00:00	6.780	9019392	1199994	0.000	-1.829	438.728	91.163	-1.824	27.301	-1.829	6.090	220.834	-4.608	-3.982	349.874	2.188	2.999	4.518	-37.665	100	3.716	3.892	0.063	-37.928	-37.403
99	03.04.25 18:20:00	6.792	9019392	1199994	0.000	-1.828	438.441	91.105	-1.823	27.301	-1.816	6.802	224.778	-4.828	-4.791	350.143	2.065	2.947	4.987	-37.470	100	3.599	3.727	0.055	-37.795	-37.145
100	03.04.25 18:40:00	6.780	9019392	1199994	0.000	-1.826	439.051	91.234	-1.822	27.301	-1.821	6.019	226.526	-4.141	-4.368	349.184	2.123	2.920	4.832	-37.611	100	3.621	3.779	0.064	-37.865	-37.358
101	03.04.25 19:00:00	6.780	9019392	1199993	0.000	-1.829	438.788	91.174	-1.824	27.299	-1.823	5.729	207.569	-5.079	-2.652	347.664	2.177	2.838	4.855	-37.901	100	3.585	3.786	0.090	-38.241	-37.561
102	03.04.25 19:20:00	6.780	9019392	1199994	0.000	-1.832	438.441	91.092	-1.828	27.296	-1.835	7.058	205.165	-6.388	-3.001	337.571	2.336	3.065	5.095	-37.787	100	3.863	4.006	0.060	-38.016	-37.557
103	03.04.25 19:40:00	6.786	9019392	1199994	0.000	-1.829	438.736	91.162	-1.825	27.298	-1.827	9.727	207.263	-8.646	-4.456	335.190	2.318	3.272	4.903	-37.420	100	4.016	4.148	0.052	-37.526	-37.314
104	03.04.25 20:00:00	6.786	9019392	1199994	0.000	-1.827	438.528	91.124	-1.823	27.300	-1.829	7.067	213.336	-5.904	-3.883	336.828	2.403	3.212	5.084	-37.657	100	4.022	4.283	0.106	-37.895	-37.420
105	03.04.25 20:20:00	6.780	9019392	1199994	0.000	-1.827	438.460	91.110	-1.823	27.299	-1.818	6.480	224.735	-4.603	-4.561	339.913	2.174	3.040	5.027	-37.857	100	3.747	3.906	0.062	-37.969	-37.746
106	03.04.25 20:40:00	6.780	9019392	1199994	0.000	-1.823	438.524	91.137	-1.818	27.302	-1.825	5.460	229.473	-3.548	-4.150	332.395	1.877	2.846	4.878	-38.407	100	3.411	3.554	0.051	-38.551	-38.263
107	03.04.25 21:00:00	6.780	9011200	1199994	0.000	-1.826	438.417	91.103	-1.822	27.298	-1.821	3.625	244.281	-1.573	-3.266	331.232	1.852	2.663	4.500	-37.977	100	3.245	3.391	0.051	-38.836	-37.119
108	03.04.25 21:20:00	6.786	9011200	1199994	0.000	-1.825	438.487	91.122	-1.821	27.301	-1.814	2.070	287.164	0.611	-1.978	331.532	1.833	2.613	4.406	-37.545	100	3.193	3.316	0.050	-37.916	-37.174
109	03.04.25 21:40:00	6.780	9011200	1199994	0.000	-1.825	437.748	90.969	-1.820	27.301	-1.823	2.598	12.700	2.534	0.571	329.946	1.738	2.539	4.648	-37.740	100	3.077	3.173	0.045	-37.696	-37.783
110	03.04.25 22:00:00	6.786	9011200	1199994	0.000	-1.823	438.258	91.080	-1.819	27.302	-1.812	3.937	12.670	3.841	0.863	330.343	1.710	2.453	4.599	-37.831	100	2.991	3.108	0.045	-37.698	-37.964
111	03.04.25 22:20:00	6.786	9011200	1199994	0.000	-1.823	438.537	91.139	-1.818	27.303	-1.819	4.846	23.051	4.459	1.898	334.444	1.589	2.364	4.423	-38.083	100	2.852	2.946	0.048	-38.006	-38.160
112	03.04.25 22:40:00	6.780	9011200	1199994	0.000	-1.808	438.451	91.131	-1.814	27.307	-1.823	5.160	12.244	5.043	1.094	338.441	1.527	2.336	5.269	-39.091	100	2.793	2.956	0.065	-39.046	-39.136
113	03.04.25 23:00:00	6.780	9011200	1199994	0.000	-1.794	439.517	91.402	-1.796	27.319	-1.816	5.162	5.624	5.137	0.506	335.997	1.594	2.432	4.543	-40.315	100	2.910	3.080	0.069	-40.367	-40.263
114	03.04.25 23:20:00	6.774	9011200	1199994	0.000	-1.808	439.602	91.408	-1.800	27.312	-1.791	4.976	2.034	4.973	0.177	337.509	1.604	2.410	4.714	-40.157	100	2.897	3.028	0.053	-40.234	-40.081
115	03.04.25 23:40:00	6.774	9011200	1199993	0.000	-1.820	439.248	91.301	-1.813	27.303	-1.810	3.980	20.049	3.739	1.365	338.219	1.694	2.429	4.590	-38.552	100	2.962	3.049	0.043	-38.798	-38.305
116	04.04.25 00:00:00	6.780	9011200	1199993	0.000	-1.818	438.804	91.208	-1.813	27.305	-1.818	5.205	46.126	3.607	3.752	337.738	1.762	2.460	4.388	-38.183	100	3.027	3.113	0.043	-38.300	-38.066
117	04.04.25 00:20:00	6.780	9011200	1199993	0.000	-1.822	438.044	91.041	-1.816	27.299	-1.823	3.790	53.773	2.240	3.057	338.181	1.821	2.522	4.755	-38.050	100	3.111	3.216	0.042	-37.815	-38.285
118	04.04.25 00:40:00	6.780	9011200	1199993	0.000	-1.823	437.857	91.000	-1.817	27.299	-1.823	3.197	56.987	1.742	2.681	338.651	1.835	2.552	4.787	-37.838	100	3.143	3.253	0.048	-37.956	-37.720
119	04.04.25 01:00:00	6.774	9011200	1199993	0.000	-1.824	438.200	91.065	-1.819	27.298	-1.823	3.969	41.903	2.954	2.651	339.684	1.779	2.549	4.101	-37.461	100	3.110	3.226	0.046	-37.441	-37.481
120	04.04.25 01:20:00	6.780	9011200	1199993	0.000	-1.825	438.528	91.132	-1.820	27.297	-1.825	5.755	56.368	3.187	4.792	341.752	1.805	2.513	4.291	-38.068	100	3.095	3.247	0.053	-37.855	-38.282
121	04.04.25 01:40:00	6.780	9011200	1199993	0.000	-1.823	438.804	91.190	-1.820	27.298	-1.833	4.823	34.702	3.965	2.746	1.032	1.702	2.507	4.399	-38.112	100	3.031	3.147	0.050	-38.160	-38.064
122	04.04.25 02:00:00	6.786	9011200	1199994	0.000	-1.823	438.605	91.151	-1.819	27.297	-1.835	5.959	14.334	5.774	1.475	38.287	1.545	2.651	4.578	-38.265	100	3.069	3.319	0.134	-38.228	-38.301
123	04.04.25 02:20:00	6.780	9011200	1199994	0.000	-1.825	438.582	91.140	-1.821	27.296	-1.823	4.254	3.062	4.248	0.227	61.609	1.619	2.777	4.972	-38.148	100	3.215	3.542	0.159	-38.373	-37.923
124	04.04.25 02:40:00	6.780	9011200	1199993	0.000	-1.821	438.645	91.166	-1.816	27.301	-1.825	4.866	352.545	4.825	-0.631	72.619	1.692	2.745	4.204	-38.270	100	3.225	3.340	0.051	-38.223	-38.316
125	04.04.25 03:00:00	6.780	9011200	1199994	0.000	-1.823	438.676	91.168	-1.818	27.298	-1.812	2.101	353.723	2.088	-0.230	70.672	1.723	2.678	4.408	-38.018	100	3.185	3.280	0.041	-38.387	-37.649
126	04.04.25 03:20:00	6.786	9011200	1199994	0.000	-1.824	438.452	91.117	-1.820	27.296	-1.814	1.951	347.760	1.907	-0.414	69.223	1.731	2.640	4.726	-38.301	100	3.157	3.269	0.044	-38.464	-38.139
127	04.04.25 03:40:00	6.780	9011200	1199994	0.000	-1.823	438.484	91.125	-1.819	27.297	-1.825	1.808	47.421	1.223	1.331	66.994	1.768	2.567	5.244	-38.598	100	3.117	3.237	0.048	-38.497	-38.699
128	04.04.25 04:00:00	6.780	9011200	1199994	0.000	-1.823	437.063	90.834	-1.817	27.297	-1.836	0.234	42.613	0.172	0.159	63.948	1.790	2.541	4.926	-38.211	100	3.108	3.211	0.046	-38.189	-38.234
129	04.04.25 04:20:00	6.786	9011200	1199994	0.000	-1.823	436.233	90.664	-1.816	27.297	-1.814	1.344	203.016	-1.237	-0.526	57.189	1.820	2.529	4.270	-38.220	100	3.116	3.274	0.075	-38.374	-38.066
130	04.04.25 04:40:00	6.786	9011200	1199994	0.000	-1.819	437.813	90.996	-1.815	27.301	-1.818	4.152	160.928	-3.924	1.357	26.781	1.977	2.564	4.673	-38.448	100	3.238	3.438	0.100	-38.548	-38.349
131	04.04.25 05:00:00	6.786	9011200	1199994	0.000	-1.822	438.595	91.156	-1.816	27.299	-1.823	5.646	190.365	-5.554	-1.016	355.475	2.106	2.758	4.521	-38.913	100	3.474	3.719	0.107	-39.080	-38.745
132	04.04.25 05:20:00	6.774	9011200	1199994	0.000	-1.819	438.498	91.140	-1.815	27.302	-1.814	5.611	187.125	-5.567	-0.696	354.826	2.077	2.795	4.820	-38.150	100	3.487	3.714	0.090	-38.004	-38.297
133	04.04.25 05:40:00	6.786	9011200	1199994	0.000	-1.816	438.542	91.157	-1.812	27.305	-1.816	4.659	216.431	-3.748	-2.767	358.889	2.049	2.728	4.616	-37.893	100	3.412	3.620	0.072	-37.952	-37.834
134	04.04.25 06:00:00	6.780	9011200	1199993	0.000	-1.811	439.485	91.367	-1.806	27.309	-1.818	4.628	195.503	-4.459	-1.237	2.349	2.055	2.700	4.517	-38.113	100	3.394	3.548	0.063	-38.078	-38.149
135	04.04.25 06:20:00	6.774	9011200	1199993	0.000	-1.799	440.429	91.589	-1.797	27.316	-1.789	6.511	202.748	-6.005	-2.518	352.263	2.157	2.805	5.148	-38.478	100	3.541	3.707	0.069	-38.653	-38.303
136	04.04.25 06:40:00	6.786	9011200	1199994	0.000	-1.768	443.593	92.329	-1.766	27.347	-1.767	3.261	227.254	-2.213	-2.395	2.342	1.940	2.642	5.070	-37.470	100	3.278	3.443	0.062	-37.843	-37.097
137	04.04.25 07:00:00	6.780	9015296	1199994	0.000	-1.775	442.695	92.124	-1.773	27.341	-1.778	5.064	230.201	-3.242	-3.891	10.219	1.978	2.597	5.132	-37.325	100	3.265	3.395	0.056	-37.319	-37.332
138	04.04.25 07:20:00	6.780	9015296	1199994	0.000	-1.800	440.148	91.541	-1.793	27.316	-1.791	6.383	213.462	-5.325	-3.519	2.823	2.043	2.694	4.830	-37.351	100	3.382	3.559	0.056	-37.538	-37.164
139	04.04.25 07:40:00	6.786	9015296	1199994	0.000	-1.794	438.721	91.250	-1.791	27.321	-1.780	7.014	202.647	-6.473	-2.701	350.639	2.190	2.859	4.256	-36.828	100	3.607	3.849	0.087	-37.047	-36.608
140	04.04.25 08:00:00	6.780	9015296	1199994	0.000	-1.781	438.882	91.316	-1.779	27.332	-1.787	7.380	213.436	-6.159	-4.066	352.037	2.160	2.799	4.932	-36.915	100	3.539	3.727	0.062	-37.126	-36.704
141	04.04.25 08:20:00	6.780	9015296	1199994	0.000	-1.781	439.081	91.357	-1.779	27.332	-1.786	5.807	205.220	-5.254	-2.474	352.197	2.141	2.719	5.121	-36.682	100	3.463	3.708	0.075	-36.855	-36.508
142	04.04.25 08:40:00	6.780	9015296	1199994	0.000	-1.781	439.208	91.387	-1.777	27.334	-1.784	6.258	186.852	-6.213	-0.747	335.414	2.162	2.787	4.856	-36.534	100	3.535	3.746	0.083	-36.638	-36.430
143	04.04.25 09:00:00	6.780	9015296	1199994	0.000	-1.778	440.190	91.597	-1.775	27.341	-1.772	4.852	176.670	-4.844	0.282	351.372	2.071	2.674	4.979	-36.991	100	3.384	3.510	0.064	-37.394	-36.588
144	04.04.25 09:20:00	6.774	9023488	1199994	0.000	-1.779	439.166	91.382	-1.776	27.336	-1.782	4.743	203.586	-4.346	-1.898	353.835	2.005	2.639	4.669	-37.779	100	3.316	3.420	0.047	-37.982	-37.577
145	04.04.25 09:40:00	6.780	9035776	1199994	0.000	-1.778	438.806	91.308	-1.776	27.334	-1.780	2.547	241.705	-1.207	-2.243	352.849	1.919	2.560	4.451	-37.569	100	3.202	3.305	0.044	-38.046	-37.093
146	04.04.25 10:00:00	6.780	9035776	1199994	0.000	-1.779	439.112	91.372	-1.776	27.334	-1.787	1.404	255.580	-0.350	-1.359	350.981	1.848	2.546	4.295	-37.417	100	3.146	3.250	0.042	-37.460	-37.375
147	04.04.25 10:20:00	6.786	9035776	1199994	0.000	-1.778	439.103	91.370	-1.776	27.336	-1.778	0.816	287.012	0.239	-0.780	348.551	1.820	2.539	4.414	-37.969	100	3.124	3.216	0.047	-38.018	-37.921
148	04.04.25 10:40:00	6.780	9035776	1199994	0.000	-1.781	438.702	91.284	-1.777	27.333	-1.786	0.848	208.616	-0.745	-0.406	344.866	1.804	2.558	4.542	-37.716	100	3.131	3.251	0.044	-37.804	-37.627
149	04.04.25 11:00:00	6.780	9035776	1199994	0.000	-1.782	438.803	91.301	-1.778	27.332	-1.786	0.298	8.777	0.295	0.046	342.932	1.784	2.559	4.843	-37.883	100	3.119	3.223	0.042	-37.993	-37.773
150	04.04.25 11:20:00	6.780	9035776	1199994	0.000	-1.781	438.994	91.342	-1.778	27.332	-1.778	2.277	342.539	2.172	-0.683	344.427	1.785	2.547	4.076	-37.754	100	3.111	3.227	0.045	-38.190	-37.318
151	04.04.25 11:40:00	6.786	9035776	1199994	0.000	-1.781	438.992	91.344	-1.777	27.333	-1.782	1.212	238.546	-0.633	-1.034	345.459	1.805	2.561	4.500	-37.666	100	3.134	3.231	0.044	-38.012	-37.320
152	04.04.25 12:00:00	6.780	9035776	1199994	0.000	-1.780	439.126	91.374	-1.776	27.334	-1.776	0.887	307.569	0.541	-0.703	345.547	1.822	2.572	4.186	-37.764	100	3.152	3.279	0.048	-37.795	-37.732
153	04.04.25 12:20:00	6.786	9035776	1199993	0.000	-1.780	439.307	91.410	-1.776	27.333	-1.780	0.455	63.369	0.204	0.407	346.224	1.806	2.555	4.738	-37.470	100	3.129	3.219	0.044	-37.526	-37.413
154	04.04.25 12:40:00	6.792	9035776	1199994	0.000	-1.782	439.089	91.357	-1.779	27.330	-1.772	0.892	87.185	0.044	0.891	346.934	1.805	2.564	4.286	-37.566	100	3.136	3.250	0.041	-37.709	-37.422
155	04.04.25 13:00:00	6.780	9035776	1199993	0.000	-1.782	439.455	91.439	-1.777	27.330	-1.782	0.291	41.029	0.220	0.191	347.761	1.835	2.569	4.608	-37.357	100	3.158	3.263	0.046	-37.101	-37.614
156	04.04.25 13:20:00	6.780	9035776	1199993	0.000	-1.782	438.694	91.278	-1.778	27.330	-1.772	1.177	118.988	-0.571	1.030	348.891	1.831	2.592	4.528	-37.545	100	3.174	3.299	0.043	-37.649	-37.441
157	04.04.25 13:40:00	6.786	9035776	1199994	0.000	-1.783	439.456	91.437	-1.778	27.331	-1.793	1.056	169.443	-1.038	0.194	350.802	1.808	2.596	4.362	-37.425	100	3.164	3.243	0.043	-37.579	-37.271
158	04.04.25 14:00:00	6.786	9035776	1199994	0.000	-1.785	439.645	91.474	-1.779	27.328	-1.780	1.049	54.583	0.608	0.855	353.411	1.812	2.616	4.929	-37.097	100	3.182	3.267	0.038	-37.361	-36.834
159	04.04.25 14:20:00	6.786	9027584	1199994	0.000	-1.784	438.944	91.324	-1.780	27.328	-1.782	2.163	293.529	0.864	-1.983	357.219	1.809	2.624	4.536	-37.191	100	3.187	3.259	0.043	-37.135	-37.247
160	04.04.25 14:40:00	6.786	9027584	1199994	0.000	-1.785	440.035	91.545	-1.783	27.328	-1.784	0.133	144.918	-0.109	0.077	3.331	1.807	2.646	4.445	-37.398	100	3.204	3.323	0.041	-37.290	-37.505
161	04.04.25 15:00:00	6.786	9027584	1199994	0.000	-1.786	439.834	91.505	-1.782	27.328	-1.772	0.337	142.216	-0.267	0.207	12.745	1.831	2.651	5.039	-37.294	100	3.222	3.328	0.044	-37.433	-37.155
162	04.04.25 15:20:00	6.786	9027584	1199994	0.000	-1.784	440.173	91.577	-1.781	27.329	-1.778	0.744	340.084	0.699	-0.253	16.944	1.792	2.648	5.049	-36.863	100	3.198	3.291	0.041	-36.726	-37.000
163	04.04.25 15:40:00	6.780	9027584	1199994	0.000	-1.783	439.967	91.538	-1.780	27.329	-1.770	1.240	217.458	-0.984	-0.754	24.059	1.780	2.632	3.891	-36.745	100	3.178	3.270	0.044	-36.643	-36.848
164	04.04.25 16:00:00	6.786	9027584	1199993	0.000	-1.781	439.195	91.383	-1.778	27.332	-1.784	2.248	263.176	-0.267	-2.232	25.465	1.789	2.611	4.706	-36.573	100	3.165	3.268	0.041	-36.922	-36.223
165	04.04.25 16:20:00	6.780	8998912	1199994	0.000	-1.778	439.416	91.434	-1.776	27.334	-1.770	0.784	203.300	-0.720	-0.310	24.008	1.805	2.618	4.613	-36.822	100	3.180	3.285	0.044	-36.985	-36.659
166	04.04.25 16:40:00	6.792	8998912	1199993	0.000	-1.778	439.483	91.449	-1.775	27.336	-1.776	2.827	211.681	-2.406	-1.485	18.143	1.916	2.631	4.551	-36.197	100	3.256	3.496	0.099	-36.409	-35.985
167	04.04.25 17:00:00	6.786	8994816	1199994	0.000	-1.781	440.066	91.560	-1.780	27.334	-1.793	4.053	218.587	-3.168	-2.528	7.859	1.968	2.658	4.611	-35.693	100	3.308	3.495	0.058	-36.037	-35.350
168	04.04.25 17:20:00	6.786	8994816	1199994	0.000	-1.788	439.603	91.453	-1.783	27.325	-1.776	4.607	209.968	-3.991	-2.301	9.469	1.928	2.682	4.211	-36.889	100	3.304	3.430	0.054	-37.308	-36.470
169	04.04.25 17:40:00	6.786	8994816	1199994	0.000	-1.786	439.282	91.389	-1.782	27.327	-1.782	5.759	206.788	-5.141	-2.596	346.489	2.158	2.979	5.034	-36.573	100	3.681	3.883	0.082	-36.636	-36.509
170	04.04.25 18:00:00	6.786	8994816	1199994	0.000	-1.785	439.031	91.337	-1.782	27.328	-1.787	7.007	209.496	-6.099	-3.450	348.092	2.105	2.898	4.049	-36.727	100	3.586	3.767	0.064	-36.817	-36.636
171	04.04.25 18:20:00	6.786	8994816	1199993	0.000	-1.788	438.850	91.293	-1.785	27.324	-1.786	5.649	211.452	-4.819	-2.947	356.231	1.962	2.720	4.359	-37.242	100	3.355	3.518	0.061	-37.577	-36.907
172	04.04.25 18:40:00	6.786	8994816	1199994	0.000	-1.786	439.236	91.380	-1.782	27.328	-1.784	4.168	203.937	-3.809	-1.691	353.720	1.972	2.695	4.009	-36.804	100	3.340	3.481	0.068	-37.025	-36.584
173	04.04.25 19:00:00	6.780	8994816	1199994	0.000	-1.783	438.863	91.307	-1.780	27.329	-1.787	5.133	203.007	-4.724	-2.006	348.853	2.037	2.714	4.430	-37.355	100	3.396	3.558	0.064	-37.773	-36.938
174	04.04.25 19:20:00	6.786	8994816	1199994	0.000	-1.780	439.283	91.401	-1.778	27.330	-1.767	4.441	192.290	-4.339	-0.945	345.633	2.018	2.700	4.257	-37.332	100	3.374	3.535	0.066	-37.361	-37.302
175	04.04.25 19:40:00	6.780	8994816	1199994	0.000	-1.780	438.962	91.337	-1.777	27.332	-1.780	5.868	198.042	-5.579	-1.817	345.665	2.027	2.675	4.493	-37.338	100	3.361	3.546	0.077	-37.305	-37.372
176	04.04.25 20:00:00	6.780	8994816	1199994	0.000	-1.779	439.027	91.352	-1.777	27.332	-1.786	6.847	188.156	-6.778	-0.971	332.690	2.206	2.884	5.086	-37.816	100	3.635	3.787	0.055	-37.814	-37.819
177	04.04.25 20:20:00	6.786	8994816	1199993	0.000	-1.771	439.311	91.432	-1.769	27.341	-1.774	7.072	186.095	-7.032	-0.751	329.003	2.200	2.901	4.912	-37.644	100	3.649	3.840	0.071	-37.614	-37.675
178	04.04.25 20:40:00	6.786	8994816	1199994	0.000	-1.774	439.805	91.535	-1.769	27.339	-1.755	6.148	191.249	-6.030	-1.199	333.196	2.135	2.796	4.309	-37.863	100	3.525	3.691	0.071	-37.864	-37.862
179	04.04.25 21:00:00	6.780	8994816	1199994	0.000	-1.774	439.434	91.452	-1.771	27.340	-1.772	6.197	211.241	-5.298	-3.214	332.286	2.202	2.855	4.268	-38.388	100	3.607	3.767	0.049	-38.469	-38.307
180	04.04.25 21:20:00	6.774	8994816	1199994	0.000	-1.769	439.681	91.518	-1.765	27.345	-1.776	6.201	198.616	-5.876	-1.979	334.560	2.165	2.812	4.268	-38.220	100	3.555	3.664	0.053	-38.276	-38.164
181	04.04.25 21:40:00	6.780	8994816	1199994	0.000	-1.762	440.610	91.732	-1.758	27.356	-1.753	0.741	262.071	-0.102	-0.734	337.663	1.904	2.612	4.929	-38.451	100	3.234	3.395	0.065	-38.726	-38.176
182	04.04.25 22:00:00	6.792	8994816	1199994	0.000	-1.760	440.829	91.781	-1.757	27.355	-1.746	1.468	239.193	-0.752	-1.261	337.306	1.878	2.602	4.383	-38.339	100	3.212	3.352	0.062	-38.324	-38.354
183	04.04.25 22:20:00	6.780	8994816	1199994	0.000	-1.747	443.175	92.306	-1.743	27.377	-1.742	4.040	184.421	-4.028	-0.311	336.677	1.965	2.627	3.939	-37.781	100	3.283	3.395	0.054	-38.017	-37.544
184	04.04.25 22:40:00	6.786	8994816	1199994	0.000	-1.749	442.259	92.114	-1.743	27.372	-1.738	1.430	69.300	0.505	1.337	334.498	1.779	2.578	4.386	-37.721	100	3.132	3.256	0.047	-37.919	-37.524
185	04.04.25 23:00:00	6.786	8994816	1199994	0.000	-1.763	440.851	91.781	-1.758	27.354	-1.761	1.997	29.453	1.739	0.982	334.852	1.756	2.533	4.662	-37.994	100	3.083	3.174	0.047	-37.791	-38.197
186	04.04.25 23:20:00	6.780	8994816	1199994	0.000	-1.754	440.954	91.823	-1.750	27.367	-1.744	1.486	104.896	-0.382	1.436	334.368	1.805	2.578	3.828	-37.864	100	3.148	3.247	0.040	-37.747	-37.980
187	04.04.25 23:40:00	6.780	8994816	1199994	0.000	-1.756	441.126	91.849	-1.754	27.363	-1.748	1.926	122.850	-1.045	1.618	335.381	1.782	2.587	4.736	-38.216	100	3.142	3.242	0.044	-38.022	-38.409
188	05.04.25 00:00:00	6.780	8994816	1199994	0.000	-1.759	441.656	91.977	-1.747	27.356	-1.748	1.084	229.937	-0.698	-0.830	335.574	1.789	2.587	4.518	-37.830	100	3.145	3.245	0.040	-37.877	-37.784
189	05.04.25 00:20:00	6.792	8994816	1199994	0.000	-1.766	440.050	91.611	-1.759	27.350	-1.763	1.285	338.659	1.197	-0.468	336.123	1.775	2.586	3.905	-37.903	100	3.137	3.280	0.048	-37.442	-38.365
190	05.04.25 00:40:00	6.774	8994816	1199994	0.000	-1.767	439.670	91.527	-1.761	27.347	-1.765	1.769	43.953	1.274	1.228	336.847	1.778	2.600	4.631	-38.347	100	3.150	3.240	0.045	-38.375	-38.319
191	05.04.25 01:00:00	6.786	8994816	1199994	0.000	-1.769	437.095	90.984	-1.764	27.342	-1.769	1.275	64.109	0.557	1.147	337.897	1.790	2.607	4.495	-38.525	100	3.162	3.323	0.040	-38.560	-38.489
192	05.04.25 01:20:00	6.780	8994816	1199994	0.000	-1.768	438.554	91.282	-1.766	27.343	-1.761	1.050	76.162	0.251	1.019	338.808	1.790	2.601	3.929	-37.962	100	3.158	3.261	0.037	-37.705	-38.219
193	05.04.25 01:40:00	6.786	8994816	1199994	0.000	-1.768	439.654	91.510	-1.766	27.342	-1.774	1.686	49.247	1.101	1.277	340.309	1.791	2.600	4.669	-38.385	100	3.157	3.250	0.042	-38.489	-38.280
194	05.04.25 02:00:00	6.780	8994816	1199994	0.000	-1.777	436.675	90.876	-1.772	27.337	-1.772	2.223	76.642	0.514	2.163	341.635	1.809	2.625	4.569	-37.808	100	3.188	3.287	0.042	-37.795	-37.821
195	05.04.25 02:20:00	6.786	8994816	1199994	0.000	-1.778	439.365	91.430	-1.774	27.336	-1.778	3.128	42.375	2.310	2.108	344.819	1.811	2.636	4.516	-37.123	100	3.198	3.290	0.041	-36.821	-37.425
196	05.04.25 02:40:00	6.780	8994816	1199993	0.000	-1.778	439.543	91.462	-1.776	27.333	-1.776	2.708	22.197	2.508	1.023	356.970	1.764	2.613	4.629	-37.439	100	3.153	3.301	0.046	-37.526	-37.352
197	05.04.25 03:00:00	6.780	8994816	1199994	0.000	-1.781	439.717	91.491	-1.778	27.329	-1.784	1.450	48.182	0.967	1.081	22.746	1.785	2.588	5.038	-38.148	100	3.144	3.247	0.046	-38.231	-38.065
198	05.04.25 03:20:00	6.780	8994816	1199994	0.000	-1.783	439.862	91.522	-1.778	27.329	-1.770	1.918	356.989	1.915	-0.101	18.932	1.723	2.599	4.408	-38.283	100	3.119	3.240	0.050	-38.448	-38.118
199	05.04.25 03:40:00	6.786	8994816	1199994	0.000	-1.782	439.537	91.450	-1.779	27.328	-1.787	2.138	353.417	2.124	-0.245	27.315	1.696	2.604	4.276	-38.497	100	3.107	3.212	0.043	-38.646	-38.348
200	05.04.25 04:00:00	6.786	8994816	1199993	0.000	-1.782	439.786	91.504	-1.779	27.329	-1.776	0.233	257.078	-0.052	-0.227	20.930	1.720	2.588	4.650	-38.217	100	3.108	3.237	0.045	-38.426	-38.008
201	05.04.25 04:20:00	6.786	8994816	1199994	0.000	-1.780	439.630	91.474	-1.778	27.329	-1.782	0.763	359.288	0.763	-0.009	18.893	1.758	2.609	4.698	-37.049	100	3.146	3.254	0.047	-37.541	-36.558
202	05.04.25 04:40:00	6.780	8994816	1199994	0.000	-1.780	439.943	91.539	-1.778	27.330	-1.780	0.898	312.252	0.604	-0.665	22.110	1.745	2.594	4.676	-37.369	100	3.127	3.276	0.047	-37.297	-37.441
203	05.04.25 05:00:00	6.792	8994816	1199994	0.000	-1.781	440.013	91.556	-1.777	27.332	-1.784	1.009	172.737	-1.001	0.128	19.722	1.772	2.605	4.464	-37.969	100	3.150	3.278	0.046	-37.914	-38.024
204	05.04.25 05:20:00	6.780	8994816	1199993	0.000	-1.780	439.961	91.546	-1.776	27.332	-1.769	1.073	195.097	-1.036	-0.279	10.214	1.817	2.641	4.666	-37.952	100	3.206	3.363	0.067	-38.139	-37.765
205	05.04.25 05:40:00	6.780	8994816	1199993	0.000	-1.773	440.244	91.621	-1.771	27.341	-1.767	2.526	205.429	-2.281	-1.085	12.347	1.782	2.634	4.778	-37.661	100	3.180	3.272	0.040	-37.942	-37.381
206	05.04.25 06:00:00	6.786	8994816	1199994	0.000	-1.767	440.447	91.675	-1.766	27.345	-1.778	1.316	201.682	-1.223	-0.486	13.200	1.769	2.621	4.338	-37.418	100	3.162	3.337	0.062	-37.862	-36.974
207	05.04.25 06:20:00	6.786	8994816	1199994	0.000	-1.762	441.084	91.833	-1.757	27.355	-1.755	3.082	171.364	-3.047	0.463	2.555	1.839	2.650	4.159	-37.156	100	3.227	3.386	0.068	-37.444	-36.868
208	05.04.25 06:40:00	6.786	8994816	1199994	0.000	-1.750	440.391	91.710	-1.749	27.367	-1.740	3.850	178.261	-3.848	0.117	9.036	1.780	2.594	4.580	-37.422	100	3.147	3.354	0.098	-37.413	-37.431
209	05.04.25 07:00:00	6.780	8994816	1199994	0.000	-1.747	441.519	91.961	-1.743	27.369	-1.742	1.397	62.685	0.641	1.242	19.390	1.717	2.577	4.465	-36.902	100	3.097	3.198	0.043	-37.197	-36.607
210	05.04.25 07:20:00	6.780	8994816	1199994	0.000	-1.750	440.945	91.837	-1.745	27.367	-1.752	3.040	114.129	-1.243	2.775	19.466	1.717	2.546	4.779	-36.732	100	3.071	3.206	0.062	-37.035	-36.430
211	05.04.25 07:40:00	6.780	8994816	1199994	0.000	-1.745	440.452	91.744	-1.741	27.368	-1.748	2.922	164.960	-2.821	0.758	13.157	1.797	2.527	4.665	-37.787	100	3.101	3.232	0.057	-38.057	-37.517
212	05.04.25 08:00:00	6.786	8994816	1199994	0.000	-1.751	440.981	91.850	-1.743	27.363	-1.752	3.117	183.174	-3.112	-0.173	4.810	1.932	2.518	4.423	-38.160	100	3.174	3.347	0.062	-38.454	-37.866
213	05.04.25 08:20:00	6.786	8994816	1199994	0.000	-1.766	440.322	91.669	-1.759	27.347	-1.753	4.041	185.823	-4.020	-0.410	1.968	1.933	2.543	4.339	-37.421	100	3.195	3.315	0.053	-37.571	-37.270
214	05.04.25 08:40:00	6.786	8994816	1199994	0.000	-1.784	438.611	91.256	-1.780	27.329	-1.769	4.526	193.623	-4.398	-1.066	357.309	2.036	2.644	4.407	-37.272	100	3.339	3.551	0.078	-37.539	-37.006
215	05.04.25 09:00:00	6.780	8994816	1199994	0.000	-1.783	438.131	91.156	-1.780	27.329	-1.786	5.466	178.682	-5.465	0.126	352.539	2.152	2.747	4.406	-36.761	100	3.492	3.702	0.088	-36.790	-36.731
216	05.04.25 09:20:00	6.774	8994816	1199994	0.000	-1.780	438.239	91.186	-1.777	27.333	-1.791	5.984	192.872	-5.834	-1.333	344.637	2.165	2.755	4.411	-37.153	100	3.507	3.688	0.080	-37.355	-36.952
217	05.04.25 09:40:00	6.786	8994816	1199993	0.000	-1.766	438.648	91.298	-1.767	27.346	-1.774	4.242	176.988	-4.236	0.223	348.692	2.064	2.601	4.845	-37.450	100	3.321	3.478	0.078	-37.651	-37.250
218	05.04.25 10:00:00	6.786	8994816	1199994	0.000	-1.765	439.351	91.457	-1.763	27.347	-1.784	4.306	196.313	-4.133	-1.210	337.466	2.178	2.738	4.183	-37.375	100	3.501	3.699	0.081	-37.408	-37.343
219	05.04.25 10:20:00	6.780	8994816	1199994	0.000	-1.763	440.155	91.641	-1.756	27.350	-1.744	6.268	192.013	-6.131	-1.305	338.019	2.147	2.701	5.087	-37.383	100	3.452	3.606	0.075	-37.571	-37.195
220	05.04.25 10:40:00	6.774	8994816	1199994	0.000	-1.778	439.365	91.443	-1.769	27.334	-1.755	0.926	160.899	-0.875	0.303	355.072	1.840	2.526	4.717	-37.271	100	3.125	3.213	0.039	-37.688	-36.854
221	05.04.25 11:00:00	6.774	8994816	1199994	0.000	-8.517	498.821	91.561	-5.894	-0.061	-6.802	322.866	280.569	59.222	-317.388	129.755	-48.873	-41.808	1811.449	-65.610	21	87.422	90.000	5.481	-66.126	-65.093
222	05.04.25 11:20:00	6.750	8994816	1199994	0.000	-10.790	538.012	88.714	-9.175	-0.044	-9.317	254.477	107.248	-75.456	243.033	263.830	35.709	54.454	999.119	-71.815	37	87.564	90.000	3.778	-71.828	-71.802
223	05.04.25 11:40:00	6.738	8994816	1199993	0.000	-1.989	493.811	106.626	-0.497	0.060	-3.643	0.000	0.000	0.000	0.000	319.011	-11.267	-80.140	0.000	-80.000	0	90.000	90.000	0.000	-80.000	-80.000
224	05.04.25 12:00:00	6.750	8994816	1199993	0.000	6.165	393.028	101.675	6.230	-0.025	5.929	298.168	26.570	266.679	133.366	110.302	-12.736	-77.494	3226.477	-71.758	41	89.056	90.000	1.308	-71.827	-71.688
225	05.04.25 12:20:00	6.792	8994816	1199994	0.000	7.958	393.357	105.656	7.740	-0.023	7.705	26.138	3.996	26.075	1.821	124.448	-0.938	-0.578	90.258	-71.498	100	1.107	1.294	0.071	-71.600	-71.397
226	05.04.25 12:40:00	6.815	8994816	1199993	0.000	10.311	374.674	105.287	9.610	-0.022	9.562	30.792	144.869	-25.183	17.719	129.440	-0.848	-0.527	85.783	-71.576	100	1.004	1.235	0.066	-71.630	-71.523
