Seaguard RCM SW
Product number:	4430
Serial number:	1711

		System Parameters(0)				Doppler Current Sensor #726(726)															Conductivity #1330(1330)		Temperature #856(856)		Pressure #1140(1140)
Record	Time tag (Gmt)	Battery Voltage(V)	Memory Used(Bytes)	Last Interval(ms)	Time Correction(ms)	Abs Speed(cm/s)	Direction(Deg.M)	North(cm/s)	East(cm/s)	Heading(Deg.M)	Tilt X(Deg)	Tilt Y(Deg)	SP Std(cm/s)	Strength(dB)	Ping Count	Abs Tilt(Deg)	Max Tilt(Deg)	Std Tilt(Deg)	Strength X(dB)	Strength Y(dB)	Conductivity(mS/cm)	Temperature(Deg.C)	Temperature(Deg.C)	Rawdata Temperature	Pressure(kPa)	Temperature(DegC)
0	02.04.25 09:20:00	7.189	8941568	1199994	0.000	117.910	308.811	73.901	-91.877	57.903	80.082	10.805	3393.733	-64.187	6	89.617	90.000	1.657	-63.119	-65.255	-0.007	17.352	16.711	9478815	100.222	17.184
1	02.04.25 09:40:00	7.183	8945664	1199993	0.000	2072.156	246.663	-820.863	-1902.634	51.651	79.869	10.908	1322.554	-69.030	13	88.916	90.000	2.885	-67.212	-70.848	-0.006	16.328	16.204	9563141	100.217	16.204
2	02.04.25 10:00:00	7.166	8949760	1199994	0.000	1516.225	244.863	-644.074	-1372.627	44.406	79.860	10.912	1313.833	-68.604	24	88.014	90.000	3.651	-66.390	-70.819	-0.006	14.941	14.686	9815752	100.291	14.769
3	02.04.25 10:20:00	7.166	8949760	1199994	0.000	3955.118	276.077	418.692	-3932.894	279.124	64.455	25.958	679.790	-70.846	4	89.811	90.000	1.000	-70.680	-71.013	-0.007	10.069	4.789	11431788	100.666	7.183
4	02.04.25 10:40:00	7.117	8953856	1199994	0.000	574.230	24.769	521.403	240.581	207.904	18.382	72.491	1702.567	-71.389	8	89.614	90.000	1.633	-71.076	-71.703	-0.057	-5.600	-9.480	13482357	99.893	-8.232
5	02.04.25 11:00:00	7.069	8953856	1199994	0.000	1415.212	61.351	678.505	1241.956	244.091	38.529	52.336	716.050	-72.061	2	89.854	90.000	1.271	-71.548	-72.575	-0.064	-9.269	-10.793	13647783	99.549	-10.487
6	02.04.25 11:20:00	7.009	8953856	1199994	0.000	0.000	0.000	0.000	0.000	283.708	35.157	55.572	0.000	-80.000	0	90.000	90.000	0.000	-80.000	-80.000	-0.062	-10.540	-11.707	13760590	99.477	-11.135
7	02.04.25 11:40:00	6.997	8953856	1199994	0.000	2.247	15.253	2.168	0.591	74.664	1.430	2.109	4.346	-41.171	100	2.548	2.662	0.047	-40.806	-41.536	23.501	-2.189	-1.797	12432673	200.772	-1.841
8	02.04.25 12:00:00	7.003	8953856	1199993	0.000	2.434	357.259	2.431	-0.116	81.005	1.408	2.150	4.397	-39.848	100	2.570	2.678	0.041	-39.592	-40.103	26.504	-1.857	-1.760	12427281	200.766	-1.755
9	02.04.25 12:20:00	7.027	8953856	1199993	0.000	3.315	355.071	3.303	-0.285	88.133	1.396	2.211	4.388	-41.017	100	2.615	2.752	0.047	-40.358	-41.676	27.131	-1.783	-1.760	12427355	200.835	-1.748
10	02.04.25 12:40:00	7.015	8953856	1199993	0.000	3.236	5.535	3.221	0.312	99.314	1.440	2.341	4.738	-41.208	100	2.749	2.872	0.046	-40.623	-41.794	27.164	-1.783	-1.763	12427784	200.885	-1.751
11	02.04.25 13:00:00	7.021	8953856	1199993	0.000	5.665	350.070	5.581	-0.977	106.222	1.536	2.400	3.933	-41.106	100	2.851	3.010	0.059	-40.701	-41.511	27.164	-1.708	-1.764	12427799	200.920	-1.749
12	02.04.25 13:20:00	7.034	8953856	1199994	0.000	4.673	10.323	4.597	0.837	104.583	1.473	2.285	4.205	-40.978	100	2.719	2.840	0.052	-40.492	-41.463	27.205	-1.796	-1.769	12428551	200.952	-1.759
13	02.04.25 13:40:00	7.027	8953856	1199993	0.000	2.345	6.443	2.330	0.263	101.272	1.445	2.141	4.119	-40.039	100	2.583	2.680	0.039	-39.221	-40.856	27.205	-1.773	-1.762	12427587	200.960	-1.750
14	02.04.25 14:00:00	7.034	8953856	1199993	0.000	0.724	213.316	-0.605	-0.398	96.658	1.400	2.035	4.923	-40.011	100	2.471	2.599	0.050	-39.559	-40.462	27.247	-1.739	-1.761	12427438	200.999	-1.748
15	02.04.25 14:20:00	7.040	8953856	1199994	0.000	1.870	227.030	-1.275	-1.368	95.824	1.388	1.986	4.445	-40.476	100	2.423	2.522	0.046	-40.143	-40.809	27.226	-1.736	-1.760	12427259	200.971	-1.750
16	02.04.25 14:40:00	7.040	8953856	1199994	0.000	3.762	188.785	-3.718	-0.575	94.520	1.377	1.940	4.554	-40.662	100	2.379	2.484	0.047	-40.554	-40.770	27.226	-1.722	-1.765	12428079	201.069	-1.754
17	02.04.25 15:00:00	7.034	8953856	1199994	0.000	4.570	199.976	-4.295	-1.561	81.721	1.426	1.700	4.346	-40.495	100	2.220	2.392	0.069	-40.022	-40.967	27.226	-1.759	-1.763	12427710	201.065	-1.754
18	02.04.25 15:20:00	7.040	8953856	1199994	0.000	7.983	185.225	-7.950	-0.727	44.106	2.072	1.473	4.486	-39.990	100	2.545	2.794	0.111	-39.468	-40.511	27.247	-1.708	-1.751	12426020	201.036	-1.746
19	02.04.25 15:40:00	7.045	8953856	1199994	0.000	9.610	172.081	-9.518	1.324	34.733	2.386	1.468	4.765	-41.213	100	2.803	3.003	0.097	-40.691	-41.736	27.236	-1.751	-1.773	12429207	201.077	-1.761
20	02.04.25 16:00:00	7.040	8953856	1199994	0.000	9.545	182.765	-9.534	-0.461	37.720	2.390	1.485	4.536	-39.678	100	2.814	3.148	0.140	-39.234	-40.121	27.257	-1.712	-1.747	12425422	201.089	-1.738
21	02.04.25 16:20:00	7.045	8953856	1199994	0.000	7.135	194.552	-6.906	-1.793	38.703	2.355	1.533	4.467	-38.879	100	2.811	2.986	0.077	-38.163	-39.596	27.288	-1.738	-1.715	12420774	201.136	-1.701
22	02.04.25 16:40:00	7.045	8953856	1199994	0.000	8.882	198.287	-8.434	-2.787	30.740	2.629	1.582	4.433	-39.073	100	3.071	3.355	0.114	-38.573	-39.572	27.278	-1.714	-1.720	12421448	201.111	-1.710
23	02.04.25 17:00:00	7.051	8953856	1199994	0.000	9.652	203.558	-8.848	-3.858	27.986	2.894	1.653	4.623	-38.602	100	3.344	3.594	0.112	-38.058	-39.147	27.278	-1.691	-1.719	12421262	201.105	-1.708
24	02.04.25 17:20:00	7.040	8953856	1199994	0.000	9.701	191.781	-9.497	-1.981	33.746	2.419	1.703	4.330	-38.536	100	2.960	3.190	0.101	-38.139	-38.933	27.278	-1.655	-1.718	12421154	201.155	-1.707
25	02.04.25 17:40:00	7.051	8953856	1199994	0.000	7.576	199.728	-7.131	-2.557	34.658	2.510	1.682	4.222	-38.263	100	3.022	3.305	0.129	-37.677	-38.849	27.278	-1.724	-1.716	12420938	201.185	-1.706
26	02.04.25 18:00:00	7.045	8953856	1199994	0.000	10.732	200.408	-10.058	-3.742	28.736	3.100	1.687	4.857	-38.629	100	3.563	3.922	0.191	-38.110	-39.147	27.283	-1.738	-1.714	12420542	201.199	-1.704
27	02.04.25 18:20:00	7.040	8953856	1199994	0.000	12.905	206.938	-11.505	-5.846	26.137	3.536	1.650	4.487	-38.471	100	3.949	4.961	0.444	-38.057	-38.885	27.272	-1.730	-1.723	12421948	201.132	-1.712
28	02.04.25 18:40:00	7.051	8953856	1199994	0.000	11.884	209.577	-10.336	-5.866	25.572	3.704	1.707	4.265	-38.413	100	4.133	4.891	0.295	-38.055	-38.771	27.278	-1.714	-1.714	12420557	201.216	-1.703
29	02.04.25 19:00:00	7.057	8953856	1199994	0.000	14.366	208.717	-12.599	-6.903	23.406	4.258	1.742	4.594	-38.911	100	4.722	5.767	0.512	-38.389	-39.433	27.267	-1.745	-1.735	12423718	201.194	-1.730
30	02.04.25 19:20:00	7.045	8953856	1199993	0.000	12.152	208.352	-10.694	-5.771	24.354	4.110	1.717	4.721	-38.562	100	4.482	5.044	0.310	-38.123	-39.001	27.260	-1.722	-1.739	12424255	201.231	-1.728
31	02.04.25 19:40:00	7.057	8953856	1199994	0.000	12.318	207.761	-10.900	-5.738	27.644	3.708	1.605	4.702	-39.193	100	4.064	4.601	0.260	-38.580	-39.805	27.275	-1.691	-1.721	12421624	201.289	-1.711
32	02.04.25 20:00:00	7.051	8953856	1199994	0.000	9.343	218.143	-7.348	-5.770	34.813	2.786	1.617	4.398	-38.495	100	3.225	3.470	0.099	-37.949	-39.040	27.283	-1.738	-1.713	12420378	201.320	-1.700
33	02.04.25 20:20:00	7.057	8953856	1199994	0.000	6.617	223.104	-4.831	-4.522	43.647	2.197	1.682	4.043	-39.031	100	2.768	2.926	0.067	-38.393	-39.669	27.278	-1.732	-1.716	12420863	201.357	-1.706
34	02.04.25 20:40:00	7.057	8953856	1199994	0.000	4.799	221.033	-3.620	-3.151	50.085	1.920	1.733	4.555	-38.423	100	2.587	2.728	0.062	-37.970	-38.876	27.285	-1.714	-1.707	12419593	201.383	-1.696
35	02.04.25 21:00:00	7.051	8953856	1199993	0.000	2.716	269.617	-0.018	-2.716	57.344	1.654	1.871	4.087	-38.322	100	2.498	2.584	0.042	-37.794	-38.850	27.288	-1.728	-1.705	12419220	201.406	-1.693
36	02.04.25 21:20:00	7.051	8953856	1199994	0.000	2.064	323.965	1.669	-1.214	63.592	1.508	1.983	4.157	-39.352	100	2.492	2.618	0.042	-38.869	-39.835	27.283	-1.743	-1.710	12419975	201.405	-1.699
37	02.04.25 21:40:00	7.057	8953856	1199993	0.000	2.887	298.220	1.365	-2.544	66.573	1.474	1.986	4.141	-38.029	100	2.473	2.580	0.049	-36.899	-39.159	27.280	-1.718	-1.715	12420788	201.395	-1.703
38	02.04.25 22:00:00	7.051	8953856	1199994	0.000	2.849	276.545	0.325	-2.830	67.990	1.494	1.962	4.236	-37.668	100	2.466	2.584	0.043	-37.203	-38.132	27.273	-1.671	-1.724	12422038	201.420	-1.712
39	02.04.25 22:20:00	7.051	8953856	1199993	0.000	4.106	314.551	2.880	-2.926	70.148	1.472	1.968	4.839	-37.417	100	2.458	2.559	0.042	-37.067	-37.767	27.273	-1.692	-1.724	12422090	201.420	-1.713
40	02.04.25 22:40:00	7.051	8953856	1199994	0.000	2.639	314.199	1.840	-1.892	71.767	1.452	2.005	4.421	-38.327	100	2.475	2.607	0.048	-37.830	-38.825	27.252	-1.730	-1.743	12424773	201.447	-1.730
41	02.04.25 23:00:00	7.063	8953856	1199994	0.000	3.214	292.662	1.238	-2.966	72.354	1.480	1.977	3.977	-38.012	100	2.470	2.593	0.044	-37.792	-38.232	27.272	-1.767	-1.722	12421736	201.444	-1.712
42	02.04.25 23:20:00	7.057	8953856	1199994	0.000	3.692	298.810	1.779	-3.235	72.447	1.486	1.941	4.885	-39.369	100	2.445	2.530	0.043	-39.251	-39.486	27.226	-1.755	-1.771	12428856	201.416	-1.760
43	02.04.25 23:40:00	7.057	8953856	1199994	0.000	3.736	280.444	0.677	-3.674	75.362	1.492	1.954	4.927	-39.769	100	2.459	2.554	0.041	-39.462	-40.076	27.226	-1.779	-1.775	12429541	201.401	-1.766
44	03.04.25 00:00:00	7.057	8953856	1199994	0.000	4.607	296.755	2.074	-4.114	77.036	1.475	2.032	4.451	-39.790	100	2.512	2.602	0.041	-39.190	-40.391	27.221	-1.777	-1.780	12430154	201.399	-1.769
45	03.04.25 00:20:00	7.057	8953856	1199994	0.000	4.021	347.189	3.921	-0.892	81.417	1.439	2.126	4.263	-39.683	100	2.567	2.712	0.052	-39.107	-40.259	27.230	-1.757	-1.771	12428849	201.398	-1.761
46	03.04.25 00:40:00	7.057	8953856	1199994	0.000	4.135	335.699	3.769	-1.702	85.669	1.465	2.109	4.741	-39.290	100	2.569	2.659	0.047	-38.902	-39.679	27.241	-1.759	-1.759	12427087	201.403	-1.748
47	03.04.25 01:00:00	7.063	8953856	1199993	0.000	3.054	327.510	2.576	-1.641	94.466	1.494	2.138	4.244	-38.914	100	2.609	2.730	0.050	-38.309	-39.519	27.242	-1.710	-1.759	12427124	201.425	-1.748
48	03.04.25 01:20:00	7.063	8953856	1199994	0.000	3.326	323.702	2.680	-1.969	110.649	1.581	2.201	4.301	-38.989	100	2.711	2.830	0.049	-38.051	-39.926	27.231	-1.788	-1.770	12428722	201.380	-1.759
49	03.04.25 01:40:00	7.057	8953856	1199993	0.000	1.613	343.974	1.550	-0.445	115.424	1.579	2.195	3.943	-39.430	100	2.704	2.804	0.046	-39.143	-39.717	27.234	-1.751	-1.768	12428409	201.375	-1.757
50	03.04.25 02:00:00	7.051	8953856	1199994	0.000	0.417	210.543	-0.360	-0.212	113.324	1.516	2.110	4.889	-39.156	100	2.599	2.718	0.049	-38.759	-39.553	27.234	-1.794	-1.765	12428049	201.332	-1.753
51	03.04.25 02:20:00	7.063	8953856	1199993	0.000	2.458	107.590	-0.743	2.343	110.312	1.444	2.031	4.888	-38.005	100	2.493	2.593	0.039	-37.295	-38.716	27.241	-1.749	-1.753	12426298	201.369	-1.743
52	03.04.25 02:40:00	7.057	8953856	1199994	0.000	4.331	158.250	-4.023	1.605	110.335	1.415	1.989	4.572	-38.210	100	2.442	2.561	0.049	-37.808	-38.612	27.245	-1.736	-1.751	12426022	201.347	-1.741
53	03.04.25 03:00:00	7.063	8953856	1199994	0.000	4.966	174.615	-4.944	0.466	110.384	1.378	1.896	4.664	-38.128	100	2.344	2.456	0.053	-37.450	-38.805	27.234	-1.753	-1.765	12428071	201.329	-1.753
54	03.04.25 03:20:00	7.063	8953856	1199994	0.000	8.354	175.557	-8.329	0.647	111.116	1.305	1.741	4.208	-39.306	100	2.179	2.311	0.052	-38.564	-40.049	27.226	-1.759	-1.772	12429021	201.304	-1.760
55	03.04.25 03:40:00	7.057	8953856	1199994	0.000	9.002	172.627	-8.927	1.155	99.173	1.352	1.311	4.318	-37.113	100	1.914	2.398	0.257	-36.997	-37.229	27.236	-1.716	-1.762	12427639	201.326	-1.752
56	03.04.25 04:00:00	7.057	8953856	1199994	0.000	8.644	173.901	-8.595	0.918	89.815	1.600	1.079	4.790	-38.811	100	1.979	3.004	0.546	-38.412	-39.210	27.234	-1.771	-1.767	12428364	201.334	-1.757
57	03.04.25 04:20:00	7.057	8953856	1199994	0.000	10.016	186.906	-9.943	-1.204	85.267	1.642	1.192	4.530	-39.171	100	2.046	2.740	0.370	-38.614	-39.727	27.231	-1.749	-1.773	12429155	201.264	-1.770
58	03.04.25 04:40:00	7.063	8953856	1199994	0.000	8.104	188.319	-8.019	-1.173	80.971	1.766	1.224	4.365	-39.295	100	2.162	2.929	0.372	-38.809	-39.782	27.236	-1.802	-1.764	12427889	201.314	-1.773
59	03.04.25 05:00:00	7.057	8953856	1199993	0.000	9.804	173.037	-9.732	1.189	87.187	1.672	1.332	4.054	-37.816	100	2.151	2.786	0.303	-37.706	-37.925	27.236	-1.783	-1.763	12427754	201.312	-1.756
60	03.04.25 05:20:00	7.063	8953856	1199993	0.000	9.540	185.908	-9.489	-0.982	86.846	1.600	1.354	4.421	-38.387	100	2.116	2.881	0.363	-37.686	-39.089	27.236	-1.798	-1.766	12428183	201.312	-1.753
61	03.04.25 05:40:00	7.057	8953856	1199993	0.000	8.906	180.246	-8.906	-0.038	83.079	1.619	1.310	5.181	-38.220	100	2.090	2.745	0.305	-37.819	-38.622	27.221	-1.741	-1.783	12430632	201.269	-1.769
62	03.04.25 06:00:00	7.051	8953856	1199993	0.000	8.913	176.206	-8.894	0.590	83.585	1.610	1.360	4.071	-38.902	100	2.111	2.499	0.177	-38.439	-39.365	27.216	-1.732	-1.786	12431044	201.280	-1.774
63	03.04.25 06:20:00	7.057	8957952	1199993	0.000	9.965	182.352	-9.957	-0.409	81.798	1.703	1.263	4.399	-37.985	100	2.131	2.973	0.383	-37.629	-38.342	27.219	-1.771	-1.783	12430602	201.330	-1.770
64	03.04.25 06:40:00	7.063	8957952	1199993	0.000	14.177	181.941	-14.169	-0.480	71.849	2.065	0.755	4.563	-38.271	100	2.204	3.565	0.665	-37.685	-38.857	27.226	-1.787	-1.773	12429222	201.276	-1.765
65	03.04.25 07:00:00	7.057	8957952	1199993	0.000	13.473	188.914	-13.310	-2.088	71.050	2.394	0.376	5.002	-37.882	100	2.463	4.409	0.961	-37.468	-38.296	27.232	-1.781	-1.765	12428079	201.263	-1.755
66	03.04.25 07:20:00	7.057	8957952	1199993	0.000	12.499	192.505	-12.203	-2.706	82.089	1.918	0.604	4.676	-38.286	100	2.023	3.231	0.561	-37.993	-38.579	27.236	-1.728	-1.762	12427527	201.334	-1.750
67	03.04.25 07:40:00	7.057	8957952	1199993	0.000	12.493	190.241	-12.294	-2.221	83.731	1.773	0.791	4.443	-38.142	100	1.960	2.999	0.577	-37.636	-38.648	27.231	-1.741	-1.765	12427993	201.336	-1.753
68	03.04.25 08:00:00	7.063	8957952	1199994	0.000	13.064	199.371	-12.324	-4.333	82.515	1.814	0.814	5.010	-38.097	100	2.005	2.988	0.639	-37.628	-38.567	27.244	-1.718	-1.750	12425905	201.341	-1.740
69	03.04.25 08:20:00	7.063	8957952	1199993	0.000	10.242	195.740	-9.858	-2.778	80.418	1.711	1.140	4.345	-37.925	100	2.063	2.760	0.381	-37.745	-38.104	27.247	-1.724	-1.744	12424989	201.379	-1.733
70	03.04.25 08:40:00	7.057	8957952	1199994	0.000	8.767	197.477	-8.362	-2.633	89.704	1.524	1.506	4.713	-37.824	100	2.143	2.347	0.077	-37.375	-38.273	27.252	-1.761	-1.740	12424385	201.382	-1.726
71	03.04.25 09:00:00	7.051	8957952	1199993	0.000	6.335	214.485	-5.222	-3.587	95.605	1.499	1.661	4.763	-38.019	100	2.238	2.331	0.044	-37.603	-38.436	27.236	-1.771	-1.756	12426660	201.399	-1.745
72	03.04.25 09:20:00	7.051	8957952	1199994	0.000	5.782	222.174	-4.285	-3.882	98.105	1.504	1.706	4.694	-38.625	100	2.274	2.396	0.045	-38.257	-38.992	27.244	-1.736	-1.750	12425778	201.412	-1.738
73	03.04.25 09:40:00	7.057	8962048	1199993	0.000	4.699	223.258	-3.422	-3.220	96.988	1.480	1.792	3.986	-38.710	100	2.325	2.404	0.040	-38.208	-39.211	27.236	-1.749	-1.756	12426677	201.439	-1.744
74	03.04.25 10:00:00	7.063	8962048	1199994	0.000	4.256	280.685	0.789	-4.182	98.872	1.505	1.879	4.689	-37.381	100	2.408	2.502	0.044	-36.900	-37.862	27.242	-1.716	-1.756	12426722	201.420	-1.737
75	03.04.25 10:20:00	7.057	8962048	1199993	0.000	3.280	273.247	0.186	-3.275	98.475	1.501	1.893	4.655	-39.275	100	2.417	2.529	0.045	-38.728	-39.822	27.223	-1.783	-1.775	12429481	201.441	-1.765
76	03.04.25 10:40:00	7.051	8962048	1199993	0.000	4.856	289.450	1.617	-4.579	98.667	1.503	1.873	4.501	-40.365	100	2.402	2.539	0.041	-39.885	-40.844	27.211	-1.747	-1.791	12431752	201.422	-1.780
77	03.04.25 11:00:00	7.057	8966144	1199994	0.000	2.382	302.465	1.279	-2.010	99.605	1.505	1.869	4.831	-40.521	100	2.400	2.510	0.039	-39.899	-41.143	27.210	-1.806	-1.793	12432099	201.454	-1.782
78	03.04.25 11:20:00	7.057	8966144	1199993	0.000	0.492	237.519	-0.264	-0.415	99.908	1.494	1.854	4.644	-41.286	100	2.382	2.495	0.051	-41.159	-41.414	27.222	-1.796	-1.774	12429323	201.466	-1.767
79	03.04.25 11:40:00	7.051	8966144	1199994	0.000	3.113	266.768	-0.176	-3.108	100.161	1.511	1.825	4.115	-40.100	100	2.369	2.508	0.049	-39.547	-40.652	27.210	-1.802	-1.791	12431834	201.495	-1.779
80	03.04.25 12:00:00	7.051	8966144	1199993	0.000	2.954	247.734	-1.119	-2.734	101.010	1.521	1.838	4.156	-39.558	100	2.386	2.512	0.045	-38.678	-40.439	27.210	-1.771	-1.791	12431737	201.483	-1.779
81	03.04.25 12:20:00	7.063	8966144	1199993	0.000	3.044	273.363	0.179	-3.038	101.733	1.505	1.847	5.001	-39.110	100	2.383	2.504	0.046	-38.649	-39.571	27.205	-1.796	-1.800	12433121	201.513	-1.788
82	03.04.25 12:40:00	7.051	8966144	1199994	0.000	1.701	351.599	1.682	-0.248	102.758	1.486	1.837	4.624	-38.320	100	2.363	2.456	0.047	-38.275	-38.366	27.205	-1.820	-1.802	12433348	201.517	-1.789
83	03.04.25 13:00:00	7.045	8966144	1199994	0.000	1.620	341.407	1.535	-0.516	104.843	1.529	1.890	4.498	-39.129	100	2.432	2.494	0.039	-38.851	-39.407	27.205	-1.794	-1.796	12432543	201.556	-1.786
84	03.04.25 13:20:00	7.057	8966144	1199993	0.000	1.821	288.905	0.590	-1.723	109.537	1.549	1.899	4.396	-41.045	100	2.452	2.560	0.043	-40.534	-41.557	27.205	-1.781	-1.793	12432151	201.597	-1.781
85	03.04.25 13:40:00	7.057	8966144	1199993	0.000	2.570	331.505	2.259	-1.226	112.316	1.501	1.866	4.807	-40.576	100	2.395	2.536	0.045	-40.316	-40.836	27.205	-1.775	-1.795	12432360	201.599	-1.784
86	03.04.25 14:00:00	7.057	8966144	1199993	0.000	2.460	349.800	2.421	-0.436	118.326	1.530	1.936	4.137	-39.184	100	2.468	2.584	0.042	-38.968	-39.400	27.205	-1.785	-1.796	12432558	201.620	-1.786
87	03.04.25 14:20:00	7.057	8966144	1199994	0.000	2.600	342.419	2.479	-0.785	120.006	1.484	1.921	4.364	-39.577	100	2.428	2.517	0.042	-39.374	-39.780	27.205	-1.822	-1.796	12432505	201.621	-1.785
88	03.04.25 14:40:00	7.051	8970240	1199994	0.000	1.899	10.952	1.864	0.361	118.905	1.451	1.850	4.389	-39.292	100	2.351	2.491	0.056	-38.456	-40.129	27.205	-1.826	-1.794	12432285	201.643	-1.782
89	03.04.25 15:00:00	7.057	8970240	1199994	0.000	2.087	151.661	-1.837	0.990	118.683	1.422	1.815	4.614	-38.797	100	2.307	2.423	0.047	-37.993	-39.602	27.205	-1.781	-1.794	12432256	201.646	-1.782
90	03.04.25 15:20:00	7.051	8970240	1199994	0.000	4.191	134.900	-2.959	2.969	118.221	1.406	1.794	4.508	-39.753	100	2.280	2.403	0.045	-39.259	-40.247	27.210	-1.814	-1.791	12431819	201.694	-1.779
91	03.04.25 15:40:00	7.051	8970240	1199994	0.000	4.910	150.917	-4.291	2.387	114.986	1.353	1.694	4.458	-40.323	100	2.169	2.285	0.051	-39.991	-40.655	27.205	-1.808	-1.792	12431909	201.637	-1.780
92	03.04.25 16:00:00	7.057	8970240	1199994	0.000	8.706	155.720	-7.936	3.580	98.904	1.283	1.209	4.665	-41.025	100	1.765	1.886	0.060	-40.502	-41.549	27.211	-1.743	-1.789	12431446	201.698	-1.777
93	03.04.25 16:20:00	7.051	8970240	1199994	0.000	11.056	159.742	-10.372	3.828	95.730	1.258	0.726	4.029	-40.266	100	1.528	2.104	0.288	-39.622	-40.909	27.212	-1.806	-1.788	12431364	201.611	-1.777
94	03.04.25 16:40:00	7.051	8970240	1199994	0.000	11.341	156.153	-10.373	4.585	93.284	1.409	0.740	4.481	-39.700	100	1.679	2.468	0.380	-39.376	-40.024	27.200	-1.826	-1.804	12433656	201.704	-1.790
95	03.04.25 17:00:00	7.045	8970240	1199994	0.000	7.980	174.846	-7.948	0.717	94.228	1.559	0.833	4.346	-39.611	100	1.777	2.092	0.170	-39.260	-39.962	27.200	-1.828	-1.809	12434355	201.684	-1.797
96	03.04.25 17:20:00	7.057	8970240	1199994	0.000	10.373	172.594	-10.286	1.337	92.018	1.591	0.511	4.009	-38.670	100	1.679	2.356	0.290	-37.949	-39.391	27.198	-1.781	-1.814	12435187	201.728	-1.803
97	03.04.25 17:40:00	7.051	8970240	1199994	0.000	11.738	181.989	-11.731	-0.407	85.385	1.766	0.284	5.142	-38.545	100	1.797	2.681	0.421	-37.913	-39.177	27.195	-1.836	-1.818	12435776	201.645	-1.800
98	03.04.25 18:00:00	7.051	8970240	1199994	0.000	9.188	175.170	-9.156	0.774	94.829	1.565	0.771	4.224	-40.184	100	1.754	2.126	0.174	-39.645	-40.723	27.218	-1.775	-1.787	12431200	201.741	-1.776
99	03.04.25 18:20:00	7.063	8957952	1199994	0.000	9.105	164.688	-8.781	2.404	98.964	1.505	1.029	4.486	-38.433	100	1.835	2.149	0.148	-38.255	-38.611	27.195	-1.834	-1.818	12435660	201.801	-1.802
100	03.04.25 18:40:00	7.051	8957952	1199993	0.000	10.463	169.225	-10.279	1.956	97.476	1.444	0.845	4.877	-38.114	100	1.709	2.167	0.280	-37.574	-38.655	27.195	-1.847	-1.817	12435645	201.745	-1.806
101	03.04.25 19:00:00	7.051	8957952	1199994	0.000	11.241	184.756	-11.202	-0.932	96.104	1.477	0.582	4.668	-39.669	100	1.591	1.906	0.140	-39.304	-40.034	27.230	-1.818	-1.769	12428640	201.794	-1.761
102	03.04.25 19:20:00	7.051	8957952	1199994	0.000	9.938	195.389	-9.582	-2.637	86.135	1.755	0.437	4.737	-39.289	100	1.810	2.625	0.461	-39.120	-39.457	27.239	-1.702	-1.760	12427355	201.800	-1.749
103	03.04.25 19:40:00	7.051	8957952	1199993	0.000	11.463	207.509	-10.167	-5.295	82.519	2.015	0.349	4.320	-38.891	100	2.048	2.929	0.472	-38.521	-39.260	27.239	-1.739	-1.761	12427370	201.764	-1.749
104	03.04.25 20:00:00	7.051	8957952	1199994	0.000	12.724	206.823	-11.355	-5.742	82.500	2.136	0.421	4.932	-39.169	100	2.182	2.683	0.256	-38.755	-39.583	27.231	-1.751	-1.767	12428342	201.717	-1.755
105	03.04.25 20:20:00	7.057	8957952	1199994	0.000	8.174	206.673	-7.304	-3.669	85.481	1.937	0.752	4.748	-39.549	100	2.079	2.364	0.124	-38.954	-40.143	27.226	-1.714	-1.768	12428513	201.813	-1.757
106	03.04.25 20:40:00	7.063	8957952	1199994	0.000	9.960	191.344	-9.765	-1.959	91.393	1.680	1.084	4.694	-38.939	100	2.001	2.182	0.083	-39.071	-38.806	27.226	-1.796	-1.771	12428886	201.897	-1.762
107	03.04.25 21:00:00	7.051	8957952	1199994	0.000	8.012	204.651	-7.282	-3.342	95.666	1.528	1.412	4.965	-39.311	100	2.081	2.250	0.070	-38.976	-39.646	27.221	-1.777	-1.775	12429403	201.849	-1.767
108	03.04.25 21:20:00	7.051	8957952	1199994	0.000	3.101	210.383	-2.675	-1.569	97.662	1.491	1.658	4.578	-39.500	100	2.230	2.349	0.050	-39.148	-39.852	27.218	-1.765	-1.778	12429852	201.888	-1.768
109	03.04.25 21:40:00	7.057	8957952	1199993	0.000	3.663	241.950	-1.723	-3.233	99.559	1.485	1.806	4.468	-38.925	100	2.339	2.485	0.044	-38.408	-39.441	27.216	-1.743	-1.782	12430479	201.888	-1.770
110	03.04.25 22:00:00	7.051	8957952	1199993	0.000	4.001	263.684	-0.440	-3.977	101.273	1.488	1.856	4.397	-39.038	100	2.379	2.489	0.045	-38.624	-39.452	27.221	-1.749	-1.777	12429815	201.938	-1.765
111	03.04.25 22:20:00	7.051	8957952	1199994	0.000	2.902	292.765	1.123	-2.676	105.546	1.511	1.950	4.464	-38.958	100	2.467	2.581	0.047	-38.729	-39.187	27.211	-1.743	-1.788	12431402	201.916	-1.778
112	03.04.25 22:40:00	7.057	8957952	1199994	0.000	2.418	297.863	1.130	-2.138	108.689	1.565	2.010	4.278	-38.893	100	2.548	2.693	0.046	-38.359	-39.427	27.213	-1.828	-1.790	12431588	201.932	-1.777
113	03.04.25 23:00:00	7.057	8957952	1199994	0.000	3.500	300.411	1.772	-3.019	106.221	1.526	1.921	4.459	-38.399	100	2.453	2.598	0.042	-37.922	-38.875	27.218	-1.783	-1.782	12430523	201.953	-1.772
114	03.04.25 23:20:00	7.057	8957952	1199994	0.000	1.255	247.458	-0.481	-1.159	106.801	1.537	1.929	4.184	-38.239	100	2.467	2.584	0.047	-37.880	-38.598	27.219	-1.773	-1.780	12430251	201.941	-1.770
115	03.04.25 23:40:00	7.051	8957952	1199994	0.000	2.379	306.471	1.414	-1.913	106.117	1.543	1.908	4.539	-37.707	100	2.454	2.578	0.045	-37.603	-37.811	27.226	-1.765	-1.772	12428983	201.932	-1.763
116	04.04.25 00:00:00	7.057	8957952	1199994	0.000	2.762	267.436	-0.124	-2.760	105.372	1.537	1.861	4.233	-38.102	100	2.414	2.537	0.045	-37.677	-38.526	27.223	-1.738	-1.776	12429636	201.926	-1.768
117	04.04.25 00:20:00	7.057	8957952	1199994	0.000	5.018	254.531	-1.338	-4.836	105.003	1.511	1.827	4.535	-38.145	100	2.372	2.482	0.045	-37.700	-38.590	27.219	-1.796	-1.783	12430594	201.956	-1.774
118	04.04.25 00:40:00	7.051	8957952	1199994	0.000	4.233	244.332	-1.833	-3.815	104.757	1.536	1.858	3.981	-38.450	100	2.411	2.516	0.047	-37.785	-39.114	27.209	-1.832	-1.793	12432144	201.967	-1.780
119	04.04.25 01:00:00	7.045	8957952	1199994	0.000	4.507	272.089	0.164	-4.504	105.155	1.545	1.905	4.528	-38.461	100	2.453	2.539	0.038	-38.090	-38.833	27.213	-1.771	-1.789	12431558	201.957	-1.777
120	04.04.25 01:20:00	7.051	8957952	1199993	0.000	3.870	275.639	0.380	-3.852	106.019	1.538	1.908	4.717	-38.061	100	2.452	2.573	0.051	-37.501	-38.620	27.226	-1.794	-1.775	12429410	201.940	-1.765
121	04.04.25 01:40:00	7.057	8957952	1199993	0.000	4.071	293.797	1.643	-3.725	112.008	1.544	1.945	4.883	-39.093	100	2.484	2.572	0.040	-38.193	-39.993	27.245	-1.747	-1.751	12425938	201.943	-1.741
122	04.04.25 02:00:00	7.057	8966144	1199993	0.000	2.916	318.950	2.199	-1.915	124.487	1.651	2.034	4.463	-39.283	100	2.621	2.742	0.046	-38.987	-39.579	27.239	-1.767	-1.757	12426826	201.920	-1.745
123	04.04.25 02:20:00	7.051	8970240	1199993	0.000	3.053	309.046	1.923	-2.371	126.011	1.641	2.015	3.789	-39.276	100	2.599	2.718	0.053	-38.858	-39.694	27.244	-1.777	-1.755	12426623	201.947	-1.743
124	04.04.25 02:40:00	7.057	8970240	1199993	0.000	4.240	299.009	2.056	-3.708	127.531	1.562	1.936	4.548	-38.817	100	2.488	2.596	0.040	-38.322	-39.312	27.244	-1.755	-1.755	12426589	201.950	-1.745
125	04.04.25 03:00:00	7.051	8978432	1199993	0.000	1.058	252.641	-0.316	-1.009	126.450	1.509	1.869	4.738	-40.004	100	2.403	2.513	0.046	-39.525	-40.483	27.247	-1.687	-1.744	12424892	201.923	-1.735
126	04.04.25 03:20:00	7.063	8978432	1199993	0.000	0.792	311.902	0.529	-0.589	125.044	1.496	1.853	4.445	-40.221	100	2.382	2.480	0.040	-39.779	-40.663	27.257	-1.720	-1.735	12423636	201.962	-1.724
127	04.04.25 03:40:00	7.057	8978432	1199993	0.000	0.979	179.930	-0.979	0.001	124.306	1.452	1.835	4.541	-40.273	100	2.340	2.450	0.045	-40.135	-40.410	27.252	-1.726	-1.740	12424415	201.945	-1.731
128	04.04.25 04:00:00	7.051	8990720	1199993	0.000	3.111	215.971	-2.518	-1.827	122.796	1.436	1.758	4.676	-38.723	100	2.270	2.390	0.046	-38.169	-39.276	27.236	-1.794	-1.770	12428707	201.921	-1.753
129	04.04.25 04:20:00	7.057	8990720	1199994	0.000	4.495	207.270	-3.995	-2.059	119.222	1.381	1.666	4.799	-40.141	100	2.164	2.302	0.043	-39.477	-40.805	27.247	-1.710	-1.752	12426134	201.923	-1.741
130	04.04.25 04:40:00	7.063	8998912	1199993	0.000	4.305	196.433	-4.129	-1.218	111.405	1.353	1.458	4.300	-38.419	100	1.991	2.124	0.063	-37.717	-39.122	27.236	-1.702	-1.765	12427993	201.939	-1.753
131	04.04.25 05:00:00	7.057	8998912	1199994	0.000	5.915	189.495	-5.834	-0.976	103.210	1.385	1.199	4.396	-37.941	100	1.834	1.969	0.071	-37.315	-38.566	27.241	-1.787	-1.759	12427072	201.922	-1.746
132	04.04.25 05:20:00	7.057	8998912	1199994	0.000	9.621	179.435	-9.621	0.095	105.157	1.334	1.274	4.526	-39.185	100	1.850	2.019	0.072	-38.635	-39.736	27.252	-1.718	-1.741	12424575	201.932	-1.732
133	04.04.25 05:40:00	7.051	8998912	1199994	0.000	8.979	181.814	-8.975	-0.284	106.789	1.331	1.304	4.133	-38.628	100	1.864	2.000	0.053	-38.305	-38.950	27.252	-1.696	-1.741	12424467	201.952	-1.732
134	04.04.25 06:00:00	7.051	8998912	1199994	0.000	8.117	170.100	-7.996	1.396	108.407	1.297	1.242	4.375	-38.911	100	1.797	1.924	0.056	-38.424	-39.398	27.254	-1.700	-1.742	12424721	201.965	-1.732
135	04.04.25 06:20:00	7.057	8998912	1199994	0.000	8.307	182.266	-8.301	-0.328	104.289	1.315	1.178	3.852	-39.159	100	1.768	1.876	0.054	-38.883	-39.436	27.255	-1.689	-1.743	12424758	201.962	-1.732
136	04.04.25 06:40:00	7.057	8998912	1199993	0.000	8.569	175.653	-8.544	0.650	107.633	1.296	1.201	4.804	-38.676	100	1.769	1.901	0.059	-38.173	-39.179	27.256	-1.698	-1.739	12424225	201.921	-1.729
137	04.04.25 07:00:00	7.063	8998912	1199994	0.000	9.287	188.835	-9.176	-1.426	112.706	1.275	1.262	4.813	-38.201	100	1.796	1.890	0.051	-37.661	-38.741	27.252	-1.741	-1.743	12424788	201.945	-1.732
138	04.04.25 07:20:00	7.057	8998912	1199994	0.000	8.930	177.413	-8.921	0.403	107.472	1.271	0.976	4.650	-39.353	100	1.610	1.805	0.098	-38.827	-39.880	27.245	-1.755	-1.748	12425532	201.941	-1.737
139	04.04.25 07:40:00	7.057	8998912	1199994	0.000	9.755	175.135	-9.719	0.827	100.719	1.312	0.730	4.346	-38.807	100	1.543	2.261	0.302	-38.409	-39.204	27.247	-1.732	-1.748	12425577	201.972	-1.739
140	04.04.25 08:00:00	7.057	8998912	1199993	0.000	9.897	180.962	-9.895	-0.166	102.099	1.360	0.894	4.408	-38.347	100	1.646	2.004	0.170	-37.468	-39.225	27.246	-1.777	-1.745	12425163	201.978	-1.736
141	04.04.25 08:20:00	7.057	8998912	1199994	0.000	11.137	183.227	-11.119	-0.627	101.139	1.335	0.708	4.473	-37.170	100	1.531	2.152	0.264	-36.617	-37.723	27.221	-1.720	-1.778	12429897	201.980	-1.757
142	04.04.25 08:40:00	7.057	8998912	1199993	0.000	11.768	184.852	-11.726	-0.995	89.625	1.629	0.399	4.755	-37.345	100	1.680	2.401	0.464	-36.690	-37.999	27.213	-1.788	-1.788	12431372	201.952	-1.778
143	04.04.25 09:00:00	7.051	8998912	1199994	0.000	10.457	189.544	-10.312	-1.734	100.450	1.445	0.862	4.500	-37.632	100	1.697	2.076	0.191	-37.148	-38.116	27.214	-1.755	-1.786	12431096	202.002	-1.774
144	04.04.25 09:20:00	7.051	8990720	1199993	0.000	9.023	182.461	-9.015	-0.387	103.228	1.427	1.139	4.553	-37.414	100	1.830	2.092	0.083	-36.499	-38.329	27.212	-1.751	-1.787	12431252	202.005	-1.776
145	04.04.25 09:40:00	7.051	8990720	1199993	0.000	7.688	196.872	-7.357	-2.231	104.483	1.455	1.435	4.698	-37.604	100	2.045	2.200	0.064	-37.295	-37.913	27.209	-1.775	-1.790	12431625	202.035	-1.779
146	04.04.25 10:00:00	7.057	8990720	1199993	0.000	5.197	206.882	-4.635	-2.350	105.049	1.474	1.628	4.865	-37.194	100	2.197	2.359	0.064	-36.777	-37.610	27.210	-1.800	-1.788	12431327	202.008	-1.776
147	04.04.25 10:20:00	7.057	8990720	1199993	0.000	3.068	224.361	-2.193	-2.145	105.856	1.494	1.747	4.634	-37.270	100	2.299	2.398	0.038	-37.181	-37.359	27.210	-1.806	-1.790	12431655	202.005	-1.777
148	04.04.25 10:40:00	7.045	8990720	1199993	0.000	5.421	231.874	-3.347	-4.265	104.896	1.503	1.767	4.581	-36.743	100	2.320	2.435	0.038	-36.250	-37.236	27.210	-1.777	-1.789	12431566	202.026	-1.777
149	04.04.25 11:00:00	7.051	8990720	1199994	0.000	4.715	241.751	-2.232	-4.154	105.863	1.512	1.818	4.719	-36.094	100	2.365	2.515	0.050	-35.582	-36.607	27.213	-1.806	-1.788	12431342	202.020	-1.775
150	04.04.25 11:20:00	7.057	8962048	1199994	0.000	3.932	238.425	-2.059	-3.350	106.439	1.505	1.823	4.365	-36.787	100	2.365	2.461	0.045	-36.057	-37.516	27.221	-1.787	-1.779	12430009	202.036	-1.772
151	04.04.25 11:40:00	7.051	8962048	1199993	0.000	4.851	225.935	-3.374	-3.486	106.961	1.494	1.800	4.296	-37.366	100	2.340	2.458	0.048	-36.952	-37.779	27.208	-1.773	-1.792	12431901	202.042	-1.779
152	04.04.25 12:00:00	7.051	8962048	1199993	0.000	4.814	241.727	-2.280	-4.240	106.435	1.498	1.776	4.988	-36.678	100	2.324	2.418	0.046	-36.290	-37.066	27.221	-1.794	-1.773	12429110	202.031	-1.765
153	04.04.25 12:20:00	7.045	8962048	1199993	0.000	4.472	234.440	-2.601	-3.638	106.957	1.504	1.810	4.768	-37.048	100	2.354	2.441	0.041	-36.443	-37.652	27.244	-1.751	-1.754	12426358	202.042	-1.743
154	04.04.25 12:40:00	7.051	8962048	1199994	0.000	4.747	234.073	-2.785	-3.844	106.967	1.502	1.826	5.053	-37.519	100	2.365	2.491	0.042	-37.132	-37.907	27.239	-1.734	-1.760	12427303	202.028	-1.748
155	04.04.25 13:00:00	7.051	8957952	1199994	0.000	4.518	249.220	-1.603	-4.225	106.880	1.490	1.791	4.240	-38.549	100	2.330	2.428	0.040	-37.901	-39.197	27.231	-1.724	-1.767	12428357	202.023	-1.754
156	04.04.25 13:20:00	7.045	8957952	1199994	0.000	4.764	241.225	-2.293	-4.176	106.897	1.479	1.796	4.850	-39.164	100	2.327	2.441	0.048	-38.549	-39.779	27.229	-1.698	-1.771	12428939	201.998	-1.759
157	04.04.25 13:40:00	7.051	8957952	1199994	0.000	3.588	271.029	0.064	-3.587	108.165	1.504	1.833	4.513	-38.723	100	2.371	2.469	0.041	-38.618	-38.828	27.226	-1.732	-1.775	12429472	201.990	-1.764
158	04.04.25 14:00:00	7.057	8957952	1199994	0.000	2.638	304.111	1.479	-2.184	108.981	1.492	1.827	4.054	-38.212	100	2.360	2.464	0.045	-37.521	-38.903	27.226	-1.761	-1.776	12429651	202.012	-1.765
159	04.04.25 14:20:00	7.051	8957952	1199994	0.000	4.009	317.749	2.967	-2.695	109.949	1.508	1.837	4.587	-38.255	100	2.377	2.481	0.041	-37.770	-38.740	27.226	-1.790	-1.777	12429733	202.019	-1.765
160	04.04.25 14:40:00	7.051	8957952	1199994	0.000	3.996	357.485	3.992	-0.175	112.324	1.489	1.856	4.658	-38.043	100	2.380	2.467	0.042	-37.556	-38.530	27.228	-1.794	-1.774	12429291	202.033	-1.763
161	04.04.25 15:00:00	7.057	8957952	1199994	0.000	1.707	29.729	1.483	0.847	114.850	1.488	1.843	4.570	-38.273	100	2.369	2.461	0.039	-37.753	-38.794	27.228	-1.802	-1.772	12429058	202.018	-1.762
162	04.04.25 15:20:00	7.045	8957952	1199994	0.000	2.010	48.375	1.335	1.503	116.500	1.483	1.814	4.333	-38.351	100	2.344	2.449	0.043	-38.067	-38.635	27.229	-1.747	-1.772	12429065	202.021	-1.761
163	04.04.25 15:40:00	7.051	8957952	1199994	0.000	2.569	91.526	-0.068	2.568	117.971	1.466	1.823	4.260	-38.382	100	2.340	2.446	0.046	-37.720	-39.045	27.228	-1.781	-1.771	12428894	202.016	-1.760
164	04.04.25 16:00:00	7.057	8957952	1199994	0.000	2.172	136.798	-1.583	1.487	118.628	1.448	1.799	4.453	-39.019	100	2.310	2.417	0.044	-38.515	-39.523	27.228	-1.802	-1.771	12428871	201.999	-1.760
165	04.04.25 16:20:00	7.057	8957952	1199994	0.000	3.337	157.988	-3.094	1.251	117.373	1.421	1.730	4.355	-37.941	100	2.239	2.373	0.049	-37.592	-38.291	27.230	-1.796	-1.772	12429028	202.015	-1.762
166	04.04.25 16:40:00	7.051	8957952	1199994	0.000	4.601	160.056	-4.325	1.569	115.277	1.366	1.577	4.140	-37.830	100	2.088	2.204	0.045	-37.362	-38.298	27.228	-1.773	-1.773	12429200	202.019	-1.764
167	04.04.25 17:00:00	7.051	8957952	1199994	0.000	4.397	156.667	-4.037	1.742	112.411	1.420	1.621	4.449	-38.329	100	2.156	2.262	0.045	-37.594	-39.064	27.223	-1.802	-1.780	12430192	201.997	-1.770
168	04.04.25 17:20:00	7.051	8957952	1199994	0.000	3.167	169.467	-3.113	0.579	111.818	1.470	1.611	4.163	-37.853	100	2.181	2.340	0.046	-37.320	-38.386	27.221	-1.802	-1.786	12431014	201.977	-1.774
169	04.04.25 17:40:00	7.051	8957952	1199994	0.000	5.510	192.298	-5.383	-1.173	101.337	1.576	1.283	4.582	-37.586	100	2.034	2.216	0.084	-37.428	-37.744	27.216	-1.794	-1.792	12432006	201.957	-1.778
170	04.04.25 18:00:00	7.045	8957952	1199994	0.000	3.420	219.827	-2.626	-2.190	103.107	1.534	1.439	5.275	-37.074	100	2.104	2.240	0.062	-36.837	-37.311	27.214	-1.832	-1.794	12432293	201.922	-1.783
171	04.04.25 18:20:00	7.051	8957952	1199994	0.000	4.873	213.515	-4.063	-2.691	107.538	1.487	1.622	4.799	-36.459	100	2.201	2.313	0.043	-36.127	-36.790	27.213	-1.812	-1.796	12432483	201.930	-1.783
172	04.04.25 18:40:00	7.045	8957952	1199994	0.000	7.263	218.967	-5.647	-4.568	106.554	1.497	1.557	4.425	-37.631	100	2.161	2.267	0.048	-37.668	-37.593	27.213	-1.798	-1.796	12432505	201.948	-1.784
173	04.04.25 19:00:00	7.045	8957952	1199994	0.000	4.460	211.256	-3.812	-2.314	104.164	1.434	1.470	4.251	-37.018	100	2.055	2.191	0.055	-36.582	-37.453	27.213	-1.820	-1.795	12432427	201.959	-1.784
174	04.04.25 19:20:00	7.051	8957952	1199994	0.000	4.330	197.385	-4.133	-1.294	103.524	1.439	1.531	4.595	-36.790	100	2.102	2.239	0.050	-35.948	-37.632	27.213	-1.814	-1.796	12432461	201.966	-1.783
175	04.04.25 19:40:00	7.051	8957952	1199993	0.000	4.254	188.948	-4.202	-0.662	103.456	1.409	1.456	4.452	-36.384	100	2.028	2.156	0.057	-35.832	-36.935	27.213	-1.763	-1.794	12432166	201.945	-1.781
176	04.04.25 20:00:00	7.040	8957952	1199994	0.000	5.626	207.475	-4.991	-2.595	96.640	1.464	1.198	4.748	-36.794	100	1.893	2.101	0.086	-36.609	-36.979	27.216	-1.739	-1.789	12431521	201.932	-1.776
177	04.04.25 20:20:00	7.045	8957952	1199993	0.000	6.067	209.511	-5.280	-2.989	94.512	1.491	1.008	4.770	-36.549	100	1.803	2.050	0.138	-35.959	-37.140	27.214	-1.763	-1.792	12431901	201.940	-1.778
178	04.04.25 20:40:00	7.045	8957952	1199994	0.000	5.631	205.542	-5.081	-2.428	97.061	1.479	1.099	4.863	-36.973	100	1.844	2.018	0.093	-36.611	-37.335	27.223	-1.763	-1.778	12429875	201.917	-1.768
179	04.04.25 21:00:00	7.051	8957952	1199994	0.000	7.590	178.419	-7.587	0.209	98.000	1.488	1.133	4.096	-40.489	100	1.875	2.180	0.113	-39.954	-41.025	27.226	-1.790	-1.765	12428086	201.942	-1.755
180	04.04.25 21:20:00	7.045	8957952	1199994	0.000	5.989	178.270	-5.986	0.181	97.640	1.543	1.113	4.525	-37.629	100	1.903	2.120	0.098	-37.275	-37.983	27.223	-1.792	-1.780	12430169	201.908	-1.766
181	04.04.25 21:40:00	7.045	8957952	1199994	0.000	3.522	180.477	-3.522	-0.029	105.444	1.490	1.673	4.749	-38.521	100	2.241	2.350	0.050	-37.745	-39.297	27.230	-1.739	-1.770	12428745	201.953	-1.758
182	04.04.25 22:00:00	7.051	8957952	1199994	0.000	5.235	172.954	-5.195	0.642	105.629	1.470	1.633	4.592	-37.523	100	2.198	2.323	0.045	-37.451	-37.596	27.230	-1.755	-1.769	12428543	201.914	-1.758
183	04.04.25 22:20:00	7.051	8957952	1199994	0.000	4.127	186.180	-4.103	-0.444	105.220	1.466	1.645	4.813	-37.781	100	2.204	2.352	0.048	-37.328	-38.234	27.231	-1.718	-1.768	12428387	201.930	-1.757
184	04.04.25 22:40:00	7.040	8957952	1199994	0.000	1.531	212.100	-1.297	-0.814	107.448	1.507	1.845	4.686	-38.091	100	2.383	2.487	0.050	-37.682	-38.499	27.231	-1.777	-1.767	12428275	201.924	-1.756
185	04.04.25 23:00:00	7.045	8957952	1199993	0.000	1.113	192.358	-1.087	-0.238	108.430	1.505	1.872	4.681	-37.050	100	2.402	2.525	0.047	-36.913	-37.187	27.231	-1.792	-1.769	12428528	201.854	-1.756
186	04.04.25 23:20:00	7.040	8957952	1199994	0.000	1.517	163.074	-1.451	0.442	107.326	1.496	1.841	4.539	-37.104	100	2.372	2.504	0.045	-36.682	-37.526	27.228	-1.785	-1.768	12428506	201.871	-1.757
187	04.04.25 23:40:00	7.045	8957952	1199994	0.000	2.173	181.187	-2.173	-0.045	107.784	1.492	1.843	5.010	-36.558	100	2.372	2.468	0.042	-36.111	-37.005	27.231	-1.759	-1.766	12428213	201.885	-1.757
188	05.04.25 00:00:00	7.040	8957952	1199994	0.000	1.170	235.098	-0.669	-0.959	107.707	1.487	1.858	4.260	-36.649	100	2.380	2.518	0.045	-36.592	-36.707	27.231	-1.718	-1.766	12428127	201.882	-1.755
189	05.04.25 00:20:00	7.045	8957952	1199994	0.000	1.775	246.250	-0.715	-1.625	107.408	1.468	1.839	4.615	-36.124	100	2.353	2.458	0.042	-35.354	-36.894	27.231	-1.779	-1.767	12428260	201.840	-1.756
190	05.04.25 00:40:00	7.051	8957952	1199994	0.000	1.871	140.303	-1.440	1.195	107.640	1.474	1.819	4.683	-37.184	100	2.342	2.482	0.050	-36.746	-37.623	27.230	-1.785	-1.766	12428109	201.856	-1.756
191	05.04.25 01:00:00	7.051	8957952	1199994	0.000	1.819	174.819	-1.811	0.164	107.835	1.462	1.820	4.517	-36.199	100	2.335	2.457	0.049	-35.666	-36.732	27.230	-1.765	-1.767	12428342	201.819	-1.755
192	05.04.25 01:20:00	7.045	8957952	1199994	0.000	2.234	252.478	-0.673	-2.130	107.865	1.461	1.820	4.727	-36.481	100	2.334	2.454	0.045	-35.989	-36.974	27.231	-1.739	-1.765	12428060	201.793	-1.755
193	05.04.25 01:40:00	7.051	8957952	1199994	0.000	1.837	243.099	-0.831	-1.638	108.462	1.460	1.883	4.269	-36.271	100	2.383	2.483	0.047	-35.471	-37.071	27.231	-1.794	-1.765	12427948	201.833	-1.754
194	05.04.25 02:00:00	7.051	8957952	1199994	0.000	1.889	245.448	-0.785	-1.719	108.259	1.450	1.855	3.946	-36.643	100	2.355	2.463	0.041	-36.158	-37.128	27.226	-1.788	-1.769	12428595	201.819	-1.755
195	05.04.25 02:20:00	7.045	8957952	1199994	0.000	1.855	355.893	1.850	-0.133	109.438	1.460	1.927	4.210	-36.454	100	2.418	2.525	0.045	-35.505	-37.403	27.229	-1.724	-1.765	12428008	201.793	-1.754
196	05.04.25 02:40:00	7.051	8957952	1199994	0.000	2.825	335.963	2.580	-1.151	114.666	1.501	1.977	4.529	-36.507	100	2.482	2.598	0.044	-36.213	-36.801	27.226	-1.763	-1.771	12428879	201.766	-1.760
197	05.04.25 03:00:00	7.045	8957952	1199994	0.000	0.482	251.599	-0.152	-0.457	120.394	1.465	1.894	4.925	-37.369	100	2.395	2.527	0.047	-37.350	-37.388	27.224	-1.710	-1.767	12428269	201.746	-1.755
198	05.04.25 03:20:00	7.051	8957952	1199994	0.000	1.860	318.624	1.396	-1.230	119.972	1.473	1.926	3.775	-36.074	100	2.426	2.554	0.044	-35.427	-36.721	27.221	-1.712	-1.772	12429065	201.753	-1.760
199	05.04.25 03:40:00	7.045	8957952	1199994	0.000	1.862	332.645	1.653	-0.855	122.232	1.491	1.941	4.607	-36.725	100	2.448	2.597	0.044	-36.615	-36.834	27.226	-1.761	-1.772	12428976	201.740	-1.760
200	05.04.25 04:00:00	7.045	8957952	1199994	0.000	0.398	69.480	0.139	0.372	120.239	1.450	1.880	5.286	-36.535	100	2.375	2.485	0.049	-35.365	-37.705	27.213	-1.763	-1.775	12429418	201.712	-1.767
201	05.04.25 04:20:00	7.051	8957952	1199994	0.000	0.641	244.166	-0.279	-0.577	119.422	1.452	1.848	4.497	-35.936	100	2.351	2.445	0.046	-35.611	-36.262	27.216	-1.749	-1.781	12430400	201.674	-1.770
202	05.04.25 04:40:00	7.045	8957952	1199994	0.000	1.132	216.208	-0.914	-0.669	120.757	1.447	1.850	3.928	-36.565	100	2.349	2.446	0.041	-35.669	-37.460	27.223	-1.747	-1.775	12429425	201.662	-1.763
203	05.04.25 05:00:00	7.051	8957952	1199994	0.000	2.691	187.525	-2.668	-0.352	119.659	1.405	1.801	4.626	-37.037	100	2.286	2.417	0.044	-36.225	-37.848	27.221	-1.722	-1.779	12430095	201.625	-1.767
204	05.04.25 05:20:00	7.045	8957952	1199994	0.000	4.021	195.645	-3.872	-1.084	115.830	1.365	1.699	4.229	-37.071	100	2.180	2.290	0.042	-36.861	-37.282	27.216	-1.800	-1.784	12430816	201.621	-1.773
205	05.04.25 05:40:00	7.045	8957952	1199993	0.000	3.806	183.259	-3.800	-0.216	116.987	1.396	1.738	4.565	-37.043	100	2.230	2.393	0.045	-36.325	-37.761	27.218	-1.724	-1.781	12430300	201.635	-1.770
206	05.04.25 06:00:00	7.045	8957952	1199994	0.000	4.797	178.126	-4.795	0.157	117.086	1.378	1.707	4.850	-36.408	100	2.195	2.328	0.043	-35.738	-37.079	27.221	-1.792	-1.777	12429778	201.601	-1.767
207	05.04.25 06:20:00	7.040	8957952	1199994	0.000	6.142	166.086	-5.962	1.477	113.055	1.301	1.493	4.070	-36.296	100	1.982	2.112	0.054	-35.741	-36.851	27.221	-1.804	-1.778	12429875	201.570	-1.767
208	05.04.25 06:40:00	7.040	8957952	1199994	0.000	4.700	174.976	-4.682	0.412	115.198	1.357	1.629	4.114	-36.877	100	2.121	2.223	0.045	-36.315	-37.439	27.221	-1.818	-1.777	12429710	201.591	-1.767
209	05.04.25 07:00:00	7.040	8957952	1199994	0.000	2.614	134.366	-1.828	1.868	118.438	1.413	1.776	4.434	-36.375	100	2.270	2.373	0.040	-36.044	-36.706	27.218	-1.788	-1.780	12430184	201.554	-1.769
210	05.04.25 07:20:00	7.045	8957952	1199993	0.000	5.271	158.318	-4.898	1.947	117.977	1.393	1.713	4.710	-36.563	100	2.209	2.307	0.045	-36.333	-36.792	27.218	-1.810	-1.781	12430374	201.583	-1.769
211	05.04.25 07:40:00	7.045	8957952	1199994	0.000	5.334	167.187	-5.201	1.183	114.848	1.276	1.489	4.280	-36.961	100	1.963	2.115	0.056	-36.462	-37.461	27.218	-1.779	-1.779	12430113	201.526	-1.768
212	05.04.25 08:00:00	7.051	8957952	1199994	0.000	6.196	155.179	-5.623	2.601	112.317	1.283	1.524	4.374	-36.972	100	1.994	2.104	0.050	-36.359	-37.585	27.226	-1.745	-1.769	12428558	201.523	-1.758
213	05.04.25 08:20:00	7.051	8957952	1199994	0.000	5.844	124.764	-3.333	4.801	111.835	1.330	1.561	4.679	-38.914	100	2.053	2.172	0.049	-39.299	-38.529	27.228	-1.788	-1.766	12428146	201.564	-1.755
214	05.04.25 08:40:00	7.051	8957952	1199994	0.000	7.137	158.553	-6.643	2.610	108.768	1.282	1.346	5.565	-37.715	100	1.860	1.970	0.055	-37.207	-38.223	27.229	-1.724	-1.767	12428297	201.504	-1.754
215	05.04.25 09:00:00	7.045	8957952	1199994	0.000	7.072	162.060	-6.728	2.178	106.202	1.134	0.972	4.757	-41.692	100	1.498	1.660	0.080	-41.301	-42.083	27.215	-1.822	-1.777	12429718	201.494	-1.767
216	05.04.25 09:20:00	7.045	8957952	1199994	0.000	11.589	168.732	-11.366	2.264	104.607	1.182	1.063	5.057	-37.511	100	1.668	2.138	0.224	-37.414	-37.608	27.223	-1.788	-1.772	12429095	201.484	-1.762
217	05.04.25 09:40:00	7.040	8957952	1199994	0.000	10.534	176.765	-10.517	0.594	108.389	1.296	1.405	5.161	-36.951	100	1.923	2.106	0.066	-36.436	-37.466	27.221	-1.720	-1.774	12429252	201.500	-1.763
218	05.04.25 10:00:00	7.051	8957952	1199993	0.000	9.609	171.686	-9.508	1.389	103.935	1.339	1.362	4.139	-37.832	100	1.921	2.175	0.093	-37.083	-38.582	27.226	-1.761	-1.772	12429006	201.478	-1.762
219	05.04.25 10:20:00	7.045	8957952	1199994	0.000	10.691	187.665	-10.596	-1.426	105.695	1.367	1.437	4.840	-38.592	100	1.992	2.181	0.084	-38.257	-38.928	27.231	-1.743	-1.768	12428379	201.492	-1.757
220	05.04.25 10:40:00	7.045	8957952	1199993	0.000	8.059	171.527	-7.971	1.188	112.202	1.411	1.690	4.557	-38.959	100	2.202	2.344	0.047	-38.431	-39.486	27.226	-1.804	-1.770	12428797	201.475	-1.767
221	05.04.25 11:00:00	7.021	8957952	1199994	0.000	229.406	51.908	141.526	180.548	67.739	-17.937	-71.611	976.222	-67.419	31	86.638	90.000	8.331	-67.975	-66.864	-0.065	-5.898	-7.362	13206875	105.319	-7.035
222	05.04.25 11:20:00	7.003	8957952	1199994	0.000	732.001	19.366	690.586	242.729	104.369	-20.979	-69.914	1405.959	-71.654	37	87.660	90.000	4.067	-71.438	-71.870	-0.067	-9.664	-11.055	13680323	106.151	-10.122
223	05.04.25 11:40:00	6.991	8957952	1199994	0.000	368.485	38.268	289.308	228.216	119.798	4.671	89.894	0.000	-71.341	1	89.963	90.000	0.374	-71.140	-71.542	0.045	-2.347	-0.323	12216053	102.424	-0.903
224	05.04.25 12:00:00	7.015	8957952	1199994	0.000	185.633	194.072	-180.062	-45.137	111.194	39.225	-50.566	1105.165	-71.499	83	85.949	90.000	2.492	-71.288	-71.711	-0.005	6.544	7.246	11039559	100.882	6.859
225	05.04.25 12:20:00	7.063	8957952	1199994	0.000	21.841	119.655	-10.806	18.980	74.024	-0.153	-0.189	99.099	-70.981	100	0.294	0.657	0.075	-70.750	-71.213	-0.006	7.930	8.413	10850578	100.934	8.669
226	05.04.25 12:40:00	7.075	8957952	1199994	0.000	33.438	321.617	26.211	-20.762	76.109	-0.111	-0.161	97.741	-71.157	100	0.289	1.358	0.167	-70.892	-71.422	-0.008	9.954	10.712	10474215	100.931	10.822
